two
0 1 70 72 149 150 181 256 326 484 486 510 520 644 672 678 679 681 683 690 723 735 739 750 769 782 893 896 899 902 919 987 989 993 1000 1011 1042 1051 1060 1092 1229 1234 1296 1306 1309 1334 1357 1375 1432 1461 1471 1472 1512 1556 1609 1629 1635 1639 1749 1785 1800 1804 1819 1960 2011 2016 2021 2066 2069 2115 2142 2153 2184 2212 2249 2330 2362 2372 2373 2394 2410 2411 2427 2429 2446 2453 2512 2514 2540 2597 2660 2670
sum
0 14 15 31 70 72 80 84 125 126 128 129 139 140 157 162 175 178 213 225 239 243 256 282 290 294 355 382 398 407 416 423 424 458 472 477 486 494 511 512 520 553 555 586 600 601 607 609 615 657 661 670 690 692 700 705 710 720 736 745 746 747 794 813 830 831 832 835 846 849 856 866 878 890 891 892 896 897 899 917 921 936 950 955 973 989 990 1021 1022 1025 1069 1080 1087 1096 1097 1132 1159 1164 1164 1187 1191 1195 1209 1217 1221 1242 1257 1281 1281 1284 1308 1311 1329 1342 1352 1356 1368 1382 1388 1400 1461 1469 1470 1471 1473 1477 1487 1510 1514 1524 1528 1529 1543 1545 1546 1582 1590 1592 1593 1619 1639 1693 1694 1793 2056 2083 2086 2153 2176 2223 2244 2248 2250 2259 2260 2316 2343 2352 2354 2402 2460 2511 2512 2526 2529 2537 2538 2547 2552 2574 2578
median
1 206 1190 1253 1811 1836 1838
of
1 10 78 92 121 127 134 136 140 149 150 157 181 190 192 245 256 265 268 274 284 290 292 293 296 304 320 323 343 349 355 358 362 372 386 387 393 398 399 400 402 407 413 413 435 439 453 458 460 461 464 465 472 475 481 486 487 492 505 507 509 511 512 530 532 546 549 559 561 563 574 577 581 592 597 601 603 604 607 608 612 617 620 622 626 626 631 632 634 636 640 643 651 658 666 667 670 672 673 673 675 676 676 677 677 678 681 682 682 683 683 692 693 694 698 700 701 703 705 707 709 710 711 713 715 720 724 727 728 731 732 733 734 735 739 739 739 745 746 750 752 753 756 758 760 767 770 786 791 793 794 801 802 805 813 818 824 831 832 833 837 839 840 841 846 850 851 853 854 857 859 860 863 867 868 869 869 870 874 878 879 887 890 891 893 896 899 910 915 923 927 928 929 932 934 938 939 940 944 948 951 955 956 958 959 961 962 964 966 967 967 968 971 972 973 975 979 982 982 983 987 991 993 995 1002 1005 1006 1007 1009 1015 1021 1022 1025 1028 1031 1031 1034 1039 1047 1050 1052 1059 1061 1062 1064 1068 1069 1074 1090 1092 1095 1096 1097 1103 1107 1111 1113 1114 1115 1122 1123 1130 1132 1132 1133 1142 1147 1150 1153 1157 1159 1161 1163 1164 1164 1167 1169 1170 1172 1173 1175 1178 1181 1188 1189 1190 1192 1197 1203 1206 1209 1209 1213 1215 1216 1217 1218 1220 1223 1224 1227 1230 1232 1234 1237 1239 1242 1246 1248 1250 1254 1255 1256 1257 1263 1264 1265 1266 1270 1271 1272 1273 1273 1274 1275 1277 1281 1283 1295 1298 1304 1310 1312 1313 1317 1318 1320 1323 1324 1327 1342 1343 1344 1345 1346 1346 1347 1347 1350 1354 1357 1358 1360 1362 1365 1366 1367 1370 1371 1373 1377 1379 1379 1382 1384 1385 1390 1393 1429 1429 1430 1432 1432 1435 1439 1448 1469 1476 1477 1487 1493 1503 1505 1509 1510 1510 1512 1520 1523 1535 1540 1542 1543 1550 1551 1554 1558 1561 1573 1578 1582 1588 1590 1593 1595 1599 1599 1605 1611 1612 1614 1615 1619 1620 1623 1624 1625 1626 1633 1634 1635 1638 1639 1650 1654 1657 1659 1660 1663 1664 1669 1671 1672 1674 1678 1692 1704 1705 1709 1710 1729 1736 1738 1745 1747 1749 1750 1752 1757 1760 1761 1763 1764 1765 1767 1782 1783 1785 1788 1791 1792 1793 1793 1796 1798 1799 1804 1810 1814 1838 1842 1846 1850 1901 1906 1913 1917 1917 1932 1951 1955 1960 1964 1982 1991 1996 1997 1998 1999 2002 2005 2009 2010 2014 2015 2018 2019 2020 2024 2027 2029 2031 2056 2059 2060 2064 2069 2070 2115 2127 2141 2145 2161 2161 2176 2181 2185 2188 2194 2195 2195 2202 2204 2205 2209 2210 2211 2213 2214 2216 2216 2218 2219 2221 2223 2225 2226 2227 2227 2233 2234 2237 2241 2249 2250 2253 2257 2258 2259 2277 2278 2280 2281 2282 2283 2288 2290 2309 2310 2316 2319 2325 2330 2331 2333 2336 2337 2340 2343 2344 2345 2347 2361 2362 2362 2367 2373 2387 2392 2403 2403 2404 2413 2417 2418 2421 2422 2428 2449 2452 2457 2459 2460 2476 2501 2503 2505 2508 2510 2510 2511 2511 2512 2513 2514 2517 2518 2522 2523 2525 2526 2526 2527 2528 2529 2530 2533 2535 2539 2541 2544 2547 2553 2554 2557 2574 2574 2576 2577 2578 2582 2582 2583 2592 2597 2598 2602 2604 2609 2615 2624 2626 2640 2663 2666 2669 2670 2671 2674 2675 2677 2682 2688 2690
sorted
1 6 9 10 39 40 43 47 65 66 70 163 236 296 332 333 432 440 443 453 504 538 561 598 630 670 705 737 776 794 834 931 993 1190 1445 1454 1759 1760 2111 2429 2433 2434 2447 2456
arrays
1 149 150 264 465 561 644 672 679 782 846 893 896 899 902 931 989 993 1051 1092 1111 1232 1259 1309 1334 1357 1512 1764
container
2 2107
with
2 130 160 230 239 300 302 343 344 348 361 382 418 423 456 462 475 477 500 522 553 560 564 574 579 594 601 602 603 606 608 633 642 646 656 664 666 669 670 671 674 688 690 704 708 710 720 732 757 761 762 763 766 807 819 820 826 838 846 858 892 929 943 948 955 968 982 986 996 1003 1011 1014 1021 1022 1041 1049 1052 1055 1061 1070 1075 1080 1094 1098 1104 1110 1125 1128 1130 1134 1144 1160 1164 1182 1191 1193 1195 1206 1207 1211 1222 1225 1226 1228 1230 1242 1248 1253 1266 1335 1337 1348 1356 1362 1365 1412 1420 1427 1513 1568 1593 1594 1604 1610 1617 1625 1647 1667 1674 1720 1721 1723 1736 1744 1761 1796 1801 1802 1803 1837 1915 1919 1937 1938 1948 1975 1980 1991 1992 2006 2007 2016 2021 2034 2035 2044 2057 2062 2109 2114 2137 2170 2176 2185 2203 2208 2217 2223 2236 2238 2273 2286 2287 2289 2292 2322 2324 2331 2340 2352 2354 2363 2367 2369 2372 2380 2397 2421 2507 2510 2518 2538 2547 2644 2652 2668
most
2 363 404 726 756 788 836 879 1008 1027 1078 1202 1238 1247 1297 1438 1546 1781 1851 1918 1939 1941 1947 2007 2057 2193 2236 2372 2380 2666
water
2 17 174 179 325 337 617 1048 1048 1695 2275 2519
3sum
3 4 106 418
closest
4 278 374 449 607 709 835 845 882 1105 1129 1251 1389 1450 1451 1565 2066 2242 2256 2487 2515 2549
4sum
5 194
remove
6 7 39 238 308 572 591 599 916 945 1038 1041 1070 1408 1808 2215 2254 2261 2278 2293 2295 2402 2415 2428 2433 2434 2439 2462 2490 2595 2596 2599 2600 2648 2651 2671 2692
duplicates
6 39 166 187 2415 2433 2434 2596 2599
from
6 39 45 46 135 146 267 396 474 515 517 531 543 548 572 605 659 702 796 807 828 842 905 922 926 969 970 1019 1035 1051 1081 1095 1137 1263 1295 1296 1298 1299 1334 1417 1436 1549 1555 1579 1584 1600 1606 1618 1809 1811 2001 2058 2071 2201 2202 2254 2317 2327 2329 2382 2394 2402 2415 2422 2428 2433 2434 2462 2579 2648 2650 2692
array
6 9 10 39 40 43 47 65 66 70 76 83 92 142 154 167 175 181 187 191 193 197 198 227 233 236 239 244 246 279 281 293 296 348 371 377 401 406 412 414 417 425 429 433 439 444 453 472 477 494 504 519 526 527 536 537 538 554 575 578 598 604 607 619 620 624 633 647 650 655 671 681 684 685 692 699 711 715 718 724 734 737 757 760 768 771 774 776 783 786 789 790 794 807 811 813 815 826 828 834 839 839 862 869 873 897 904 916 922 927 944 947 948 951 954 957 960 966 969 969 971 973 981 981 983 989 999 1017 1019 1029 1032 1033 1037 1056 1057 1061 1063 1067 1069 1071 1072 1073 1078 1082 1083 1086 1087 1088 1093 1096 1097 1101 1123 1126 1135 1139 1140 1153 1162 1163 1166 1174 1180 1183 1189 1214 1220 1224 1231 1240 1241 1250 1256 1261 1269 1273 1275 1281 1286 1289 1294 1303 1312 1316 1319 1323 1324 1331 1337 1337 1347 1354 1357 1359 1364 1419 1506 1661 2144 2145 2189 2190 2220 2337 2521
element
7 10 67 71 83 91 163 215 220 236 444 504 538 541 557 598 606 698 807 879 881 883 912 916 1085 1202 1236 1281 1447 1465 2486
next
8 215 220 480 1236 1434 1526 1527 2242 2486 2667
permutation
8 207 500 656 746 825 859 922 1381 1404 1416 1426 1636 2178 2386 2467
search
9 11 35 38 40 47 81 94 296 297 474 590 1251 1399 1442 1443 1444 1445 1446 1448 1449 1450 1451 1454 1457 1462 1463 1463 1464 1468 1470 1472 1474 1475 1812 2046 2090
in
9 10 40 41 65 66 83 141 163 180 181 187 191 216 226 233 236 245 259 261 264 296 306 327 337 338 366 369 371 377 413 427 436 444 480 485 504 512 516 519 538 541 557 568 573 579 592 598 602 604 623 630 639 641 647 649 650 653 655 658 681 685 688 696 706 718 725 726 742 749 754 759 774 790 794 813 837 857 858 862 885 897 898 902 907 926 934 937 938 947 957 959 960 964 965 973 975 978 999 1015 1016 1029 1033 1034 1038 1039 1051 1057 1064 1071 1072 1078 1082 1083 1088 1089 1109 1114 1117 1129 1133 1140 1145 1146 1149 1157 1163 1184 1185 1221 1245 1247 1250 1251 1252 1256 1260 1261 1269 1292 1294 1297 1300 1314 1318 1332 1341 1344 1358 1366 1368 1373 1376 1380 1383 1426 1437 1440 1447 1449 1452 1456 1457 1458 1459 1463 1465 1472 1473 1488 1506 1514 1526 1527 1548 1558 1563 1565 1567 1577 1580 1585 1586 1591 1597 1598 1599 1600 1601 1602 1607 1616 1621 1627 1628 1650 1651 1658 1659 1661 1692 1732 1736 1739 1740 1741 1745 1746 1747 1751 1762 1768 1779 1784 1792 1795 1843 1845 1856 1857 1896 1899 1907 1912 1924 1935 1956 1983 2002 2009 2010 2013 2021 2022 2024 2033 2037 2045 2056 2063 2067 2068 2104 2106 2136 2152 2171 2181 2193 2207 2255 2264 2272 2275 2276 2282 2285 2335 2344 2361 2384 2386 2409 2412 2413 2430 2431 2442 2448 2450 2451 2454 2455 2458 2461 2499 2503 2520 2523 2524 2529 2549 2566 2576 2582 2583 2586 2596 2599 2604 2609 2618 2621 2626 2635 2638 2649 2674 2676 2677 2680 2681 2682 2693
rotated
9 40 65 66 834 2156
find
10 65 66 67 119 160 186 187 191 207 259 278 305 310 318 329 366 397 431 466 470 519 542 557 593 596 603 609 644 650 670 690 709 713 715 728 755 756 788 817 823 827 848 870 878 908 912 946 951 952 954 957 960 961 969 984 1017 1022 1023 1029 1035 1057 1083 1092 1094 1097 1098 1105 1126 1155 1189 1195 1212 1220 1275 1303 1312 1313 1324 1335 1346 1347 1349 1355 1357 1364 1371 1385 1389 1390 1457 1501 1542 1547 1548 1559 1591 1599 1603 1607 1616 1640 1658 1663 1665 1715 1741 1744 1809 1811 1838 1842 1844 1906 1908 1924 1937 1949 1963 1965 1968 1974 1975 1995 2039 2043 2066 2145 2185 2187 2190 2238 2271 2276 2283 2292 2316 2363 2384 2397 2457 2487 2537 2541 2546 2557 2566 2585 2604 2690
first
10 16 665 965 1029 1361 1480 1779 1807 1993 2024 2202 2604
and
10 45 46 51 52 53 75 111 118 130 203 302 303 316 336 366 376 396 397 409 456 525 550 621 626 628 682 697 706 755 821 834 878 881 953 956 1019 1033 1041 1044 1055 1065 1069 1070 1071 1088 1100 1128 1142 1171 1211 1252 1252 1266 1277 1281 1284 1311 1338 1455 1537 1583 1634 1678 1695 1696 1716 1758 1776 1801 1805 1831 1866 1898 1905 1906 1922 1943 1959 1962 1967 1993 1997 1998 2038 2046 2081 2090 2157 2165 2203 2206 2253 2255 2259 2268 2276 2390 2419 2422 2457 2488 2511 2614
last
10 495 497 631 703 949 1896 1934 1993 2042 2202 2615 2649
position
10 11 562 946 980 1731 1765 2269
insert
11 28 165 166 1464 2447
valid
12 182 260 342 429 491 505 549 639 649 755 814 946 1002 1121 1162 1183 1245 1482 1600 1689 1758 1937 1950 2064 2118 2151 2164 2177 2222 2239 2258 2265 2301 2304 2341 2377 2568 2589 2594 2597 2600 2616 2617 2625 2677 2686
sudoku
12 13
solver
13
combination
14 15 84 162 1128 1428
ii
15 18 20 29 30 39 40 44 49 52 59 61 66 70 81 82 87 91 94 96 98 103 108 113 127 138 150 174 189 194 198 210 220 223 224 234 255 272 283 314 332 375 410 417 421 440 446 493 497 508 535 600 660 680 741 748 821 833 847 912 925 1026 1045 1070 1155 1179 1186 1204 1258 1286 1298 1395 1399 1400 1401 1404 1406 1407 1423 1424 1451 1458 1475 1490 1521 1527 1552 1581 1611 1628 1646 1662 1688 1694 1702 1707 1710 1804 1833 1868 1871 1874 1883 1885 1887 1889 1892 1897 1946 1953 1984 1998 2010 2100 2102 2126 2129 2132 2140 2146 2168 2192 2198 2281 2301 2371 2426 2433 2436 2446 2472 2599 2621 2633 2684
missing
16 68 109 504 568 719 984 1328 1949 1992 2063
positive
16 657 719 732 1226 1277 1435 1501 1975
trapping
17 174
rain
17 174
jump
18 26 172 451 610 625 627 800 1141 1258 2559
game
18 26 73 121 151 287 288 352 360 390 535 593 610 625 627 654 715 729 795 797 800 870 895 915 964 977 985 1091 1138 1141 1360 1371 1407 1589 1617 1679 1681 1699 1832 1833 1834 1835 1876 2162 2191 2260 2477 2559 2622
permutations
19 20 1391 2164
rotate
21 76 170 2432 2607
image
21 280 365 367
group
22 100 539 595 595 728 1045 1315 1377 1933 1982 2405
anagrams
22 1126 1766 2384
n-queens
23 1395
maximum
24 64 69 93 136 139 177 181 248 264 265 271 272 274 276 290 304 343 416 445 486 494 509 522 532 553 555 564 567 573 574 582 601 605 629 632 643 659 677 681 682 697 708 717 720 727 732 746 749 752 753 758 759 761 774 798 799 805 807 809 830 832 833 842 852 853 854 856 863 868 875 876 880 881 886 887 888 897 910 917 919 923 929 930 936 938 939 950 959 970 976 983 990 995 1006 1007 1009 1019 1024 1027 1034 1050 1058 1069 1089 1095 1096 1099 1102 1103 1107 1109 1124 1127 1130 1137 1139 1151 1153 1163 1173 1175 1184 1187 1196 1197 1206 1207 1211 1217 1224 1242 1256 1257 1263 1267 1270 1274 1277 1284 1287 1290 1295 1298 1313 1335 1343 1348 1349 1356 1358 1369 1373 1377 1380 1386 1388 1432 1435 1473 1506 1512 1520 1528 1561 1581 1583 1587 1590 1595 1674 1705 1750 1783 1792 1976 1980 1991 2024 2065 2069 2092 2190 2231 2233 2288 2294 2300 2310 2313 2319 2326 2327 2329 2334 2351 2353 2354 2362 2403 2417 2457 2460 2582 2597 2602 2610 2654
subarray
24 64 80 139 225 243 251 271 272 301 304 382 407 416 450 454 541 553 612 619 669 698 705 732 737 808 830 832 853 856 885 888 921 990 1018 1025 1160 1199 1211 1274 1353
spiral
25 29 394 1156
matrix
25 29 34 35 94 131 141 163 237 245 247 331 381 384 394 485 516 579 580 597 597 615 618 623 630 641 670 736 742 749 755 767 903 950 1038 1152 1156 1185 1190 1193 1221 1297 1368 1380 1382 1385 1649 2385
merge
27 43 307 468 911 1177 1214 1309 1507 1556 2037 2111 2330 2429 2454 2461 2665
intervals
27 185 414 599 1036 1203 1481 2104
interval
28 186 459 528 591 884 2520
unique
30 120 347 422 433 455 533 559 574 609 665 693 695 831 952 1028 1399 1412 1414 1430 1442 1755 1779 1802 1919 1943 2029 2136 2161 2211 2323 2416
paths
30 455 608 801 1157 1213 1221 1366 1403 1417 1585 1602 1734 1755 2058 2141 2202 2281 2285 2287
minimum
31 65 66 80 192 193 198 235 256 345 379 386 424 428 433 446 457 464 468 473 492 512 522 531 539 544 558 560 562 587 588 597 600 617 622 639 653 657 694 697 706 711 716 721 724 733 740 750 766 778 781 784 786 789 792 804 812 817 824 837 841 846 849 859 866 871 873 883 884 894 899 901 905 914 928 938 941 943 956 958 971 988 991 998 1004 1015 1019 1032 1038 1045 1052 1059 1064 1067 1068 1076 1077 1087 1091 1093 1108 1116 1119 1122 1131 1136 1146 1154 1155 1159 1161 1162 1166 1176 1180 1188 1192 1201 1203 1208 1222 1231 1232 1244 1245 1249 1259 1276 1284 1285 1286 1289 1306 1307 1314 1321 1325 1331 1333 1339 1344 1354 1362 1374 1386 1414 1438 1439 1459 1467 1508 1513 1523 1563 1621 1626 1656 1666 1673 1677 1691 1698 1722 1732 1740 1743 1748 1749 1760 1785 1788 1791 1804 2153 2154 2183 2184 2194 2197 2204 2205 2207 2213 2215 2217 2239 2240 2251 2270 2273 2276 2277 2282 2286 2287 2298 2304 2311 2312 2316 2320 2321 2323 2325 2331 2332 2333 2336 2337 2338 2339 2342 2343 2345 2349 2352 2368 2457 2521 2560 2580 2584 2600 2663 2664
path
31 141 277 282 383 424 516 522 564 600 602 639 649 708 766 822 1007 1109 1110 1121 1129 1146 1247 1266 1297 1362 1400 1524 1528 1545 1564 1586 1598 1600 1652 1721 1739 1740 1741 1749 2051 2109 2193 2222 2292 2398 2408 2590
plus
32 330 2444
one
32 245 500 553 639 664 698 754 830 916 1014 1090 1098 1222 1282 1297 1557 1625 1659 1666 1791 1794 2127 2196 2360 2444 2507 2619 2666
text
33 2045 2105
justification
33
set
34 273 326 404 1650 2106 2251
zeroes
34 116 203 1493 2470
a
35 62 94 141 163 180 236 296 359 364 377 413 413 453 488 490 507 517 538 538 571 574 578 579 580 587 592 593 596 601 602 612 617 622 623 630 639 641 642 643 649 649 656 658 664 670 673 675 676 677 682 683 688 688 703 709 709 711 716 718 721 726 742 749 752 754 759 759 767 770 770 783 794 809 812 837 844 849 853 858 859 860 874 887 892 898 907 912 920 934 944 988 1007 1015 1015 1016 1030 1031 1039 1046 1054 1061 1075 1107 1109 1112 1115 1121 1124 1131 1133 1146 1148 1154 1157 1158 1162 1164 1175 1183 1184 1185 1188 1190 1193 1214 1245 1247 1251 1256 1257 1266 1269 1274 1279 1290 1295 1297 1298 1312 1314 1314 1322 1332 1337 1344 1346 1358 1360 1362 1366 1368 1373 1376 1377 1380 1383 1385 1393 1427 1430 1431 1437 1447 1448 1456 1461 1462 1463 1464 1465 1474 1492 1501 1503 1506 1506 1514 1535 1540 1563 1565 1573 1578 1584 1590 1591 1594 1598 1599 1599 1599 1600 1600 1600 1602 1611 1612 1613 1614 1615 1616 1618 1626 1627 1642 1656 1657 1659 1660 1664 1732 1739 1740 1745 1745 1746 1749 1751 1765 1779 1784 1792 1795 1809 1815 1856 1857 1890 1912 1917 1922 1926 1938 1950 1951 1956 2018 2018 2019 2020 2028 2033 2036 2052 2065 2067 2068 2096 2105 2107 2108 2161 2183 2184 2185 2193 2208 2214 2219 2222 2227 2230 2231 2264 2269 2270 2275 2280 2282 2282 2314 2318 2321 2324 2340 2341 2344 2348 2351 2361 2384 2403 2412 2413 2418 2442 2447 2451 2452 2455 2459 2460 2503 2513 2522 2526 2528 2533 2534 2534 2537 2541 2548 2553 2560 2565 2576 2577 2578 2579 2582 2586 2603 2604 2609 2609 2609 2618 2621 2624 2626 2635 2648 2652 2654 2671 2676 2677 2680 2687 2690 2692
2d
35 94 101 126 129 585 725 981 1309 1337
sort
36 114 138 154 406 412 417 527 618 634 768 843 966 1065 1079 1180 1210 1240 1288 1626 1724 1753 2032 2112 2186 2322 2391 2438 2456
colors
36 1011 1721 2208
subsets
37 44 294 415 962 995 1310 1327 1345
word
38 60 61 81 95 96 97 120 136 182 183 226 229 291 306 321 370 415 978 1134 1401 1406 1414 1685 1781 2062 2184 2338 2379 2567 2594 2609 2609 2615 2625 2670 2674 2675
largest
41 74 83 158 175 320 330 354 355 437 452 515 533 534 636 674 706 808 814 818 820 827 909 935 957 1021 1022 1125 1128 1134 1185 1226 1453 1465 1514 1548 1795 1846 2246 2330 2335 2346 2405 2410 2412 2481 2588 2681
rectangle
41 42 124 157 168 375 428 446 592 1427 2262 2266 2268 2482
histogram
41
maximal
42 89 1278 1355 2279
construct
45 46 184 396 474 633 814 1436 1549 1555 1787 1803 2482
binary
45 46 47 276 297 361 396 423 474 479 516 580 597 640 716 742 947 952 1061 1081 1239 1251 1297 1366 1399 1403 1413 1426 1442 1443 1444 1445 1446 1448 1449 1450 1451 1454 1457 1462 1463 1464 1470 1472 1473 1474 1475 1514 1515 1518 1519 1520 1521 1522 1523 1525 1528 1530 1531 1532 1533 1534 1535 1537 1538 1539 1540 1542 1544 1549 1550 1551 1552 1553 1555 1556 1558 1560 1561 1563 1565 1566 1567 1570 1571 1572 1573 1574 1575 1576 1577 1578 1580 1581 1582 1586 1589 1590 1591 1595 1596 1597 1598 1599 1600 1601 1602 1604 1606 1607 1611 1612 1613 1614 1615 1616 1618 1621 1622 1623 1624 1626 1628 1630 1647 1650 1653 1659 1660 1669 2115 2204 2224 2230 2237 2326 2333 2451 2544 2564 2566 2636 2644 2664 2666 2690
tree
45 46 47 184 276 396 474 531 1081 1129 1154 1239 1247 1251 1332 1366 1403 1443 1444 1445 1446 1448 1449 1450 1451 1454 1457 1460 1462 1463 1464 1468 1470 1470 1473 1474 1475 1479 1503 1514 1515 1516 1517 1518 1519 1520 1521 1522 1523 1525 1528 1530 1531 1532 1533 1534 1535 1537 1538 1539 1540 1542 1544 1544 1547 1548 1549 1550 1551 1552 1553 1554 1555 1557 1558 1560 1561 1562 1563 1565 1566 1567 1571 1573 1574 1575 1576 1577 1578 1580 1581 1584 1586 1589 1590 1591 1595 1596 1597 1598 1599 1599 1600 1601 1602 1604 1606 1607 1608 1610 1611 1612 1613 1614 1615 1616 1617 1618 1621 1622 1623 1624 1626 1627 1628 1663 1689 1696 1697 1705 1727 1728 1732 1735 1738 1742 1854 2053 2054 2056 2059 2060 2068 2071 2276 2280
preorder
45 396 474 1449 1530 1540 1576 1584 2053
inorder
45 46 1452 1458 1515
traversal
45 46 396 474 1378 1515 1518 1519 1521 1530 1531 1539 1576 1578 1584 1697 2053 2054
postorder
46 396 1531 2054
convert
47 597 981 1004 1337 1445 1454 1460 1642 1673 1979 2339 2345 2409 2451 2498 2512 2545 2574
to
47 51 52 53 75 130 192 193 198 202 291 294 302 332 333 335 339 345 349 350 359 374 379 383 392 432 433 440 443 449 456 460 468 476 503 511 536 539 544 551 560 562 562 587 587 595 597 597 601 607 609 617 617 619 624 626 639 657 667 667 669 674 694 709 711 716 721 724 733 734 734 737 737 739 740 744 750 759 770 778 781 781 783 784 786 789 796 802 811 812 817 822 824 826 841 841 849 849 850 859 873 883 884 894 901 904 911 916 941 945 948 958 971 982 983 988 989 991 998 1004 1006 1010 1023 1030 1032 1038 1045 1048 1059 1063 1067 1074 1076 1077 1087 1091 1093 1099 1105 1108 1119 1123 1129 1131 1135 1136 1155 1158 1161 1162 1166 1180 1188 1192 1201 1214 1230 1231 1232 1240 1241 1243 1248 1249 1259 1269 1279 1280 1286 1289 1290 1295 1298 1314 1315 1316 1317 1319 1321 1325 1331 1333 1354 1354 1374 1417 1439 1445 1454 1460 1470 1477 1507 1508 1525 1529 1544 1557 1576 1582 1585 1600 1618 1620 1621 1623 1626 1642 1648 1656 1656 1657 1657 1659 1659 1664 1666 1673 1676 1677 1677 1729 1730 1732 1734 1734 1743 1746 1748 1748 1760 1761 1762 1765 1785 1791 1797 1804 1806 1807 1808 1896 1904 1964 1997 1998 2033 2058 2065 2065 2066 2068 2128 2166 2169 2181 2183 2184 2188 2194 2197 2199 2202 2204 2205 2207 2209 2210 2213 2214 2215 2216 2218 2224 2226 2230 2232 2239 2240 2251 2252 2253 2254 2270 2277 2278 2280 2285 2286 2290 2304 2308 2311 2312 2321 2323 2332 2333 2336 2338 2339 2342 2345 2348 2349 2350 2350 2353 2365 2366 2374 2451 2475 2498 2502 2512 2521 2522 2536 2537 2550 2571 2584 2600 2612 2637 2644 2650 2658 2660 2664 2673 2683 2687
pascal's
48 49
triangle
48 49 50 260 354 452 1351 1855
best
51 52 53 75 122 130 302 478 762 1000 1168 2269
time
51 52 53 75 130 235 268 302 328 588 675 740 803 817 894 901 941 992 1010 1050 1076 1077 1155 1158 1161 1192 1201 1279 1280 1314 1321 1325 1333 1496 1623 1711 1730 1732 1743 1955 1965 2042 2207 2215 2230 2242 2246 2251 2311 2328 2338 2345 2556
buy
51 52 53 75 130 302 1010 1249 1375 2253
sell
51 52 53 75 130 302 775
stock
51 52 53 75 130 302 1031 1813 1817
iii
53 72 84 88 97 99 107 266 394 443 455 471 610 654 687 861 997 1200 1491 1499 1541 1545 1612 1701 1834 1869 1872 1875 1954 2041 2177 2182 2486 2492 2635
longest
54 123 141 224 226 245 254 284 285 306 371 387 454 483 496 528 563 669 698 924 931 946 1042 1090 1110 1191 1199 1204 1211 1219 1261 1433 1441 1497 1498 1538 1552 1564 1598 1658 1665 1670 2012 2051 2062 2067 2114 2116 2118 2139 2174 2175 2198 2224 2228 2296 2315 2359 2364 2372 2380 2383 2400 2583 2585 2613 2632 2688 2690
consecutive
54 208 210 245 279 464 471 493 604 722 804 854 1101 1119 1127 1420 1431 1538 1552 1669 1682 1809 1823 1852 2021 2044 2143 2244 2402 2537 2584 2655 2658
sequence
54 188 702 814 1107 1170 1419 1449 1538 1552 1600 2098 2164 2305 2467
surrounded
55
regions
55 1719
gas
56 335
station
56 335
candy
57 309 395 829 1270
single
58 59 107 236 1507 1861 2539
number
58 59 74 78 98 99 107 109 119 127 133 177 190 192 260 284 320 323 343 349 386 464 465 481 505 509 511 512 530 533 538 549 559 568 577 581 592 597 603 608 617 626 632 634 637 640 651 665 666 667 673 675 677 683 693 694 700 707 710 711 719 720 727 733 734 739 739 753 756 758 770 786 791 793 802 805 818 824 833 841 846 854 857 859 863 867 868 874 910 923 928 929 932 934 935 939 940 958 959 962 964 967 968 971 982 983 991 995 1002 1004 1005 1009 1028 1031 1034 1039 1059 1068 1074 1078 1105 1113 1114 1122 1123 1133 1157 1163 1165 1167 1169 1172 1173 1175 1178 1181 1197 1203 1213 1216 1227 1230 1232 1246 1248 1250 1255 1263 1266 1271 1272 1283 1295 1298 1304 1310 1313 1317 1318 1320 1327 1334 1344 1345 1354 1358 1365 1367 1373 1379 1393 1409 1423 1430 1434 1436 1439 1483 1488 1492 1494 1499 1605 1625 1626 1633 1642 1645 1647 1650 1655 1657 1657 1659 1659 1664 1671 1673 1678 1684 1692 1704 1709 1710 1729 1736 1750 1752 1757 1760 1761 1764 1765 1767 1783 1785 1788 1792 1798 1799 1804 1805 1810 1814 1843 1846 1861 1901 1906 1913 1917 1960 1964 1991 1996 1997 1998 1999 2005 2009 2010 2015 2018 2029 2070 2106 2107 2127 2129 2132 2138 2169 2173 2176 2181 2185 2188 2194 2195 2202 2204 2209 2210 2211 2213 2214 2216 2218 2221 2225 2226 2227 2233 2234 2237 2253 2254 2257 2258 2259 2277 2278 2280 2294 2310 2313 2316 2319 2325 2332 2333 2335 2336 2343 2344 2345 2346 2361 2375 2378 2387 2392 2403 2404 2413 2417 2421 2424 2451 2457 2464 2469 2474 2484 2485 2500 2503 2504 2510 2514 2518 2522 2525 2526 2527 2530 2534 2535 2537 2539 2541 2544 2548 2554 2557 2582 2588 2616 2626 2662 2674 2677 2681
break
60 61 2131 2314 2318
max
62 157 208 210 292 332 333 335 350 471 608 678 701 791 1138 1164 1430 1667 2089 2278 2317
points
62 449 588 659 744 750 758 769 769 874 929 1059 1089 1112 1263 1317 2457 2493
on
62 593 606 656 711 809 829 874 894 901 980 1002 1058 1104 1154 1219 1291 1379 1438 1511 1742 1993 2040 2231 2553 2603 2680
line
62 153 245 571 1131 1176 1857 2195 2570
evaluate
63 171 860 1610 1622 1927
reverse
63 212 619 1227 1339 1624 1632 2259 2431 2436 2440 2450 2458 2463 2598 2618 2621 2623 2624 2633 2635 2642 2675
polish
63
notation
63
product
64 92 136 265 301 631 678 681 732 735 739 749 819 826 869 893 896 919 993 1102 1223 1255 1273 1432 1595 1867 1868 1869 1890 1940 1941 2025 2026 2337 2362 2481 2511 2533
peak
67 377 840 912
ranges
68 90 1025 1300 1315 1355 1906
gap
69 1653
-
70 72 125 126 128 129 166 189 1461 2426
input
70 1461
is
70 538 571 578 640 649 676 739 834 942 944 1101 1121 1139 1152 1183 1221 1266 1461 1600 1713 2133 2222 2316 2322 2414 2424 2526 2551 2594 2672
majority
71 91 538 541 718
data
72 146 427 1481 1809 1811 2046 2079
structure
72 2046 2079
design
72 148 151 156 164 257 263 270 298 299 642 686 780 785 836 918 1066 1106 1205 1262 1322 1610 1772 1789 1812 1815 2046 2077 2082 2083 2084 2087 2093 2095 2096 2097 2099 2103 2105 2107 2108 2109
dungeon
73
iv
75 162 282 627 1156 1236 1301 1461 1615 1733 1835 2025 2191 2200 2389 2686
house
77 82 105 108 687 1301 1541 2216
robber
77 82 1301 1541
islands
78 127 581 913 1709 1710
count
79 134 140 353 577 589 594 630 651 672 704 714 738 743 793 810 826 844 858 862 902 913 940 963 968 986 995 996 1014 1016 1046 1053 1055 1071 1072 1073 1084 1088 1104 1112 1113 1115 1117 1134 1144 1178 1194 1227 1228 1253 1265 1272 1277 1283 1291 1293 1300 1304 1310 1315 1318 1320 1345 1383 1412 1477 1479 1505 1536 1601 1620 1667 1747 1752 1758 1759 1762 1764 1766 1767 1799 1805 1843 1878 1962 1963 1985 1996 2022 2040 2045 2070 2104 2135 2155 2161 2171 2178 2196 2199 2221 2226 2229 2232 2235 2241 2248 2331 2405 2418 2507 2520 2523 2525 2531 2536 2538 2542 2548 2553 2554 2603 2614 2636 2685
primes
79
size
80 139 296 326 437 444 595 624 626 728 1021 1493 1660 1796 1908 2577
kth
83 163 670 719 773 827 921 957 993 999 1165 1288 1447 1465 1488 1503 1514 2071 2332 2517 2566
an
83 167 181 187 191 233 293 365 412 438 620 650 655 671 681 685 715 780 807 838 862 869 947 966 983 999 1071 1072 1078 1083 1088 1089 1097 1101 1106 1140 1189 1217 1241 1256 1261 1281 1289 1294 1323 1324 1337 1347 1509 1610 1661 1677 1692 1747 1762 1842 2145 2212 2317 2415 2511 2520 2557 2647 2680
contains
85 87 88 1044 1660
duplicate
85 87 88 119 259 514 937 1497 1559 1825 1829 2293
the
86 119 209 247 253 324 341 370 431 466 512 521 546 556 562 565 572 595 595 596 618 623 624 631 634 637 644 647 666 670 683 684 685 696 697 700 713 713 715 717 718 730 741 777 788 793 806 814 818 823 828 848 850 851 851 857 860 865 869 870 870 873 879 883 889 904 907 908 908 916 925 932 932 933 945 946 953 957 957 958 960 962 964 964 965 973 979 992 992 996 1021 1022 1023 1024 1029 1032 1037 1043 1053 1057 1061 1067 1077 1079 1085 1092 1103 1117 1118 1158 1167 1176 1180 1183 1189 1210 1219 1219 1220 1272 1276 1280 1283 1288 1294 1299 1303 1304 1310 1312 1313 1316 1318 1320 1327 1329 1335 1343 1345 1346 1347 1349 1350 1350 1351 1357 1360 1363 1364 1365 1371 1371 1385 1389 1390 1390 1392 1427 1429 1430 1432 1509 1512 1513 1568 1603 1614 1640 1658 1700 1701 1702 1734 1736 1736 1748 1750 1752 1764 1767 1774 1801 1846 1851 1884 1885 1896 1904 1906 1908 1912 1918 1919 1924 1932 1933 1939 1941 1947 1949 1964 1968 1982 1983 1991 1991 1993 1994 1996 1997 1997 1998 1998 2001 2002 2002 2004 2005 2007 2007 2008 2009 2010 2013 2014 2015 2017 2022 2024 2024 2027 2027 2028 2030 2031 2032 2033 2037 2038 2038 2055 2071 2135 2145 2181 2185 2185 2186 2189 2190 2193 2204 2205 2206 2213 2238 2261 2271 2287 2305 2316 2332 2333 2336 2337 2348 2354 2362 2414 2420 2424 2449 2457 2459 2482 2487 2489 2505 2508 2511 2512 2517 2530 2533 2535 2541 2545 2546 2548 2555 2557 2575 2581 2585 2587 2601 2602 2604 2604 2653 2679 2688 2690
skyline
86 350
problem
86 1695
square
89 182 202 534 594 601 739 818 909 1261 1482 1487 2248 2265 2528
summary
90 1942 1946
except
92
self
92 134 144 2491
sliding
93 206 334 1353
window
93 206 1961 2154 2368
shortest
95 96 97 135 251 321 359 382 383 426 431 516 551 602 737 822 1170 1269 1652 1721 1739 1751 1856 1857 2109 2137 2172 2292 2308 2357
distance
95 96 97 135 205 264 305 335 359 374 485 551 552 621 644 816 883 887 1244 1269 1467 1567 1616 1643 1667 1746 1777 1856 1857 2121 2184 2185 2558 2619
strobogrammatic
98 99 2378
shifted
100
strings
100 111 242 400 546 793 982 1100 1209 1265 1300 1318 1429 1510 1672 1676 1717 1759 1784 1785 1787 1794 1797 1800 1804 2142 2153 2187 2212 2232 2237 2312 2330 2360 2376 2393 2411 2465 2479 2501 2544 2597 2660 2665 2674
flatten
101 1525 2048 2052
vector
101
meeting
102 103 122 569 901 1200 2065
rooms
102 103 965 1200 1716 1762
factor
104 437 2517
combinations
104 1002 1393 1396
paint
105 108 687 2130 2188
smaller
106 134 637 1055
alien
110 438
dictionary
110 226 306 438 770 1234 2085
encode
111 1544 1655 2081 2137
decode
111 815 825 2081 2123 2146 2420 2561 2575
h-index
112 113
wiggle
114 138 161
zigzag
115 536 1519 1586 1598 2611
iterator
115 117 257 403 1428 1446 1475 2048
move
116 562 587 841 942 1002 2059 2687
peeking
117
walls
118 1392
gates
118
abbreviation
120 229 1410 1414 2625
life
121
point
122 216 506 848 1113 2264 2551
increasing
123 141 143 284 285 345 436 526 554 768 873 916 976 1157 1194 1204 1293 1380 1468 1786 2035 2044 2166 2302
subsequence
123 143 161 189 224 254 284 285 387 398 483 563 653 661 788 812 835 917 931 1021 1022 1191 1204 1264 1287 1433 1513 2133 2139 2154 2174 2198 2224 2228 2309 2340 2350 2632
smallest
124 160 163 267 305 318 340 344 408 410 529 546 557 583 596 670 706 773 921 932 993 1003 1165 1207 1328 1334 1436 1447 1486 1488 1568 1579 1723 1737 2063 2106 2185 2249 2309 2324 2332 2340 2348 2355 2356 2396 2535 2543 2547 2645 2691 2693
enclosing
124
black
124 2584
pixels
124
range
125 126 128 129 140 159 255 267 408 410 705 858 907 955 1013 1051 1054 1223 1295 1298 1318 1469 1634 2088 2171 2520 2533 2549 2680
query
125 126 128 129 875 884 930 1008 1165
immutable
125 126 2450
mutable
128 129
cooldown
130
sparse
131 735
multiplication
131 842 1488 2485
burst
132 192
balloons
132 192 1783
super
133 222 1495 2113 2245
ugly
133 1499 2129 2474
numbers
134 181 191 265 404 458 510 603 604 630 631 637 641 724 739 885 947 1020 1044 1051 1057 1079 1082 1237 1291 1374 1412 1420 1425 1487 1529 1582 1634 1669 1823 1838 2050 2170 2210 2223 2244 2250 2316 2325 2427 2446 2491 2496 2520 2531 2549 2568 2620 2676
after
134 381 442 458 472 550 682 693 698 760 816 830 855 881 935 972 1017 1027 1028 1033 1046 1064 1085 1102 1126 1143 1151 1154 1187 1227 1239 1278 1308 1324 1328 1382 1438 1731 1737 1765 2181 2217 2326 2334 2343 2356 2452 2534 2544 2547 2574 2580 2588 2594 2646 2654 2663
all
135 187 191 383 539 557 588 594 668 703 704 738 744 745 817 841 850 878 891 907 938 961 965 1035 1041 1044 1045 1057 1061 1070 1083 1108 1155 1201 1212 1215 1264 1321 1324 1331 1333 1347 1354 1417 1429 1472 1567 1568 1570 1603 1652 1660 1730 1732 1734 1744 1745 1758 1763 1793 1797 1798 1865 1904 1924 1950 1991 2027 2058 2062 2079 2161 2187 2215 2240 2277 2290 2367 2384 2404 2576 2583 2596 2599 2658 2668 2671 2678 2678
buildings
135 838 975 2218
lengths
136
coin
137 223 277
change
137 223 380 1614 1791 2013 2033 2205 2326
equals
139 243 720 1619 2670
k
139 147 157 160 243 267 278 289 294 301 379 382 449 450 462 464 472 520 604 623 626 631 668 685 693 699 731 804 808 941 943 956 968 1018 1021 1022 1027 1028 1054 1073 1080 1085 1095 1099 1102 1120 1139 1144 1221 1230 1242 1243 1248 1253 1268 1278 1356 1433 1438 1567 1660 1674 1714 1754 1761 1765 1777 1787 2111 2114 2144 2190 2195 2223 2224 2236 2292 2295 2316 2354 2380 2396 2409 2422 2529 2577 2584
patching
142
triplet
143 911
crossing
144 2408
palindrome
145 548 576 1042 1094 1214 1402 1404 1439 1636 1787 2126 2175 2177 2182 2183 2200 2201 2233 2296 2301 2314 2357 2441 2464 2481 2487 2494 2617 2660 2667 2686 2691
pairs
145 160 212 233 439 475 507 530 699 707 791 828 858 860 862 878 890 892 902 919 967 968 982 1071 1073 1086 1142 1163 1171 1172 1178 1216 1265 1304 1340 1343 1505 1605 1747 1991 2064 2086 2144 2331 2430
moving
146 493 1240 1682
average
146 271 272 348 626 697 803 852 948 975 1116 1237 1558 1587 1620 1816 1859 1902 1955 1980
stream
146 487 780 1465 1481 1809 1811 1999
top
147 1268 1754 1828 1923
frequent
147 879 1078 1202 1546 1754
elements
147 193 198 267 278 536 606 662 681 757 760 813 831 849 904 948 953 976 1033 1033 1036 1055 1055 1056 1064 1120 1140 1160 1306 1324 1331 1354 1356 1365 1472 1591 2337 2439
tic-tac-toe
148 342
intersection
149 150 326 561 1111 1775 2373
snake
151
russian
152
doll
152
envelopes
152
reflection
153 2267
transformed
154
bomb
155 777
enemy
155 1267
hit
156 346
counter
156
no
157 762 769 1720 1948 2397 2510
larger
157
than
157 301 318 520 598 601 626 637 669 757 986 1128 1144 1160 1222 1824 1848 2224 2669
divisible
158 450 475 479 586 699 747 1071 1073 1120 1166 1221 1237 2396
subset
158 178 676 891 954 1385
addition
159 255 2349 2488
sums
160 450 633 705 755 898 954 1064 1264 1336
phone
164 1393 2568 2662
directory
164
delete
165 166 316 432 440 443 525 937 1260 1456 1594 1728 1829 2142 2153 2442 2452 2459 2673
getrandom
165 166
o(1)
165 166
allowed
166
shuffle
167 385 684 712
perfect
168 1482 1690 2484
utf-8
169
validation
169
function
170 709 724 1493 1610
division
171 240
frog
172 1258 1731
queue
173 263 785 836 934 1772 2076 2495
reconstruction
173 188
by
173 406 417 437 450 475 479 542 546 582 586 613 621 634 638 657 679 699 747 768 798 839 843 903 1042 1056 1060 1073 1124 1174 1196 1221 1237 1240 1282 1288 1297 1306 1309 1626 1719 1724 1753 1860 1920 1932 1933 1965 2023 2029 2186 2196 2252 2328 2351 2360 2396 2588
height
173 498 798 880 975 1239 1691
split
175 239 242 279 348 811 1123 1222 1245 1289 1316 1419 1430 1435 1466 1511 1664 1784 2352 2448 2522 2660
arithmetic
176 189 483 563 568 611 702 765 1181
slices
176 189 646
third
177
partition
178 244 294 414 477 494 983 989 1063 1139 1183 1390 1562 2236 2303 2347 2435
equal
178 193 198 239 294 420 456 473 477 509 567 601 626 669 672 679 739 757 846 850 904 948 955 982 1003 1048 1071 1086 1164 1171 1174 1195 1230 1231 1248 1254 1266 1286 1331 1336 1354 1366 1477 1500 1562 1620 1656 1676 1794 1797 1798 1799 1802 1805 1810 2224 2240 2312 2331 2410 2496 2521
pacific
179
atlantic
179
flow
179
battleships
180
board
180 1291 2398
xor
181 352 612 672 807 827 850 858 875 878 891 899 1151 1215 1220 1305 1372 1661 1675 2069
squares
183 295 369 453 974 1427 1690
quad
184
non-overlapping
185 216 290 486 690 720 1000 2069 2195 2233 2319
right
186 606 1311 1526 1527 1533 1607 2422
boomerangs
190
disappeared
191
arrows
192
moves
193 198 560 587 706 789 991 1085 1373 1439 1722 2339 2342 2409
assign
195 1009
cookies
195 1147
132
196
pattern
196 397 540 731 1406 2379 2605
circular
197 263 270 416 677 726 870 1269 1371 1383 1426 2447 2689
loop
197
island
199 292 364 733
perimeter
199 452 1508
optimal
200 240 2347
account
200 1942 1946 2003
balancing
200
concatenated
201 242 574
words
201 275 327 347 351 358 542 549 582 616 1014 1034 1042 1046 1075 1234 1754 2046 2367 2394 2417 2475 2586 2618 2621 2635 2659 2670 2677
matchsticks
202
ones
203 208 210 471 594 704 804 986 1038 1041 1070 1252 1348 2143 2310 2666 2669
heaters
204
total
205 475 943 945 1103 1132 1218 1243 1244 1259 1350 1909 1920 1965 2219 2288 2554 2558
hamming
205 816 1643
predict
209
winner
209 593 715 870 1360 2004
non-decreasing
211 281 1135 2220
subsequences
211 279 678 700 867 940 1432 1767 2125 2155 2168 2201 2211 2235 2344 2392 2416 2651
target
213 318 503 511 551 560 587 607 633 647 674 690 709 711 720 724 770 883 911 953 982 1017 1269 1417 1806 2176 2342
teemo
214
attacking
214
greater
215 220 318 480 626 757 1055 1128 1160 1222 1236 1434 1460 1470 2249 2486
i
215 232 271 408 730 1295 1489 1644 1832 1867 1870 1873 1884 1886 1888 1891 1894 1952 2009 2632 2634
random
216 230 300 1604 2264 2369 2381 2385 2445
rectangles
216 323 818 967 1113 1930
diagonal
217 660 736 1341
traverse
217 660
keyboard
218 2148 2149 2401
row
218 473 755 1041 1044 1070 1171 1190 1252 1260 1348 1361 1548 1557 2057
ipo
219
relative
221 527
ranks
221
washing
222
machines
222
uncommon
224 2394 2632
continuous
225 251 285 669 971 1906 2688
through
226 771 776
deleting
226 698 2663
contiguous
227 1900 2669
beautiful
228 283 425 1008 1093 1320 1327 1340 2234 2349 2355
arrangement
228 283 2064
pick
230 300 1119 2381
weight
230 495 497 1693 1694
minesweeper
231
lonely
232 234 1057 1603
pixel
232 234
k-diff
233
difference
235 558 563 706 866 914 919 930 953 956 968 976 989 1064 1092 1116 1139 1159 1233 1252 1281 1284 1343 1364 1379 1459 1583 1640 2317 2331 2351
01
237
boxes
238 605 683 730 741 796 1504
brick
241 1074
wall
241 1074
nesting
246 2597 2602
reshape
247
vacation
248
days
248 442 476 694 733 1023 1884 1885 2016 2194 2503 2514 2542
squirrel
249
simulation
249 388 566 2102
distribute
250 779 1577 2199 2353 2502
candies
250 605 666 1028 1052 1099 2199 2502
unsorted
251 947 2415
kill
252 1201
process
252 900 1955 2284
erect
253 925
fence
253 925 2130
harmonious
254
index
256 310 377 507 713 960 1003 1506 2381 2593 2604
lists
256 267 2111 2373 2429 2453 2454
compressed
257
string
257 261 327 349 366 368 430 496 507 574 640 655 663 712 770 782 860 944 952 999 1029 1030 1115 1121 1233 1256 1269 1312 1376 1429 1430 1431 1436 1549 1555 1579 1600 1660 1664 1723 1737 1760 1777 1779 1780 1784 1786 1790 1794 1803 1806 2122 2124 2136 2137 2151 2161 2166 2183 2192 2197 2204 2212 2219 2222 2230 2231 2236 2238 2239 2306 2308 2315 2318 2318 2321 2322 2324 2326 2333 2335 2336 2339 2341 2344 2347 2348 2350 2355 2356 2361 2384 2386 2391 2399 2399 2409 2412 2413 2418 2423 2522 2561 2564 2566 2572 2574 2577 2578 2579 2580 2581 2593 2596 2599 2601 2604 2606 2607 2612 2618 2621 2623 2624 2626 2627 2629 2633 2635 2638 2644 2645 2648 2650 2652 2653 2654 2663 2664 2666 2672 2673 2681 2682 2687 2690 2692
can
258 542 548 556 565 605 632 659 672 702 727 772 818 829 833 854 903 939 949 959 978 1009 1084 1133 1173 1267 1644 1794 1935 1950 2190 2317 2318 2341 2409 2417
place
258 2181 2226
flowers
258 1114
file
259 695 1815 2051 2082 2093 2569
system
259 590 918 937 994 1789 1812 1815 2082 2084 2093 2097 2107 2108
add
261 460 674 849 928 1405 1557 1630 2046 2128 2290 2304 2427 2446 2453 2473 2479 2540
bold
261 327
tag
261 959 2591
task
262 1179 1219
scheduler
262 569 1179
three
265 420 477 561 586 636 706 722 754 811 898 987 1237 1791 1796 1828 1866 1939 2021 2208 2404 2476 2526 2532 2537
course
266 946 1687 1688 1733
schedule
266 622 1687 1688 1733
covering
267 2217
exclusive
268
functions
268
shopping
269
offers
269
deque
270
mismatch
273
length
274 304 387 574 601 668 731 732 745 801 808 1022 1094 1242 1429 1432 1627 2137 2201 2281 2362 2423 2458 2580 2582 2615 2663 2688
pair
274 305 478 887 897 955 1164 2598
chain
274 496
replace
275 366 397 606 908 1082 1140 1919 2581 2658 2668
into
279 405 414 477 526 556 730 741 811 981 989 998 1086 1203 1214 1222 1254 1337 1419 1430 1431 1464 1750 2236 2325 2399 2447 2577 2672
smoother
280
cut
286 721 1719
off
286
trees
286 361 1399 1442 1472 1556 1569 1570 1572 1609 1691
for
286 457 467 473 494 509 549 804 875 939 941 1008 1149 1183 1428 1501 1623 1879 1884 1885 1909 1941 1947 1969 1971 1995 2006 2015 2017 2142 2153 2164 2246 2269 2400 2560 2581
golf
286
event
286
24
287
baseball
288
empty
289 1240 1359
slots
289
3
290 2188
subarrays
290 343 402 423 462 486 505 577 679 711 720 745 765 811 839 938 986 1120 1144 1169 1194 1195 1207 1222 1228 1230 1242 1245 1248 1253 1255 1283 1320
stickers
291
spell
291
area
292 354 375 393 399 428 446 682 769 1062 1930 2262
degree
293 1858 2024 2282
falling
295 346 424 600
unknown
296
hashset
298
hashmap
299
blacklist
300
less
301 520 601 669 1144 2224
transaction
302 1976
fee
302
1-bit
303
2-bit
303
characters
303 470 487 542 574 910 964 1110 1376 1753 1791 1796 1797 1798 1806 1810 2114 2161 2240 2309 2350 2364 2372 2380 2397 2404 2410 2425 2426 2652 2655 2658 2668 2673
repeated
304 731 1433 1631 2170 2397 2400 2605 2606
k-th
305 340 1429 1651 2693
accounts
307 1966 1978 1999
comments
308 1901
crush
309
pivot
310 1063 2546
flood
311 696
fill
311 1161 1290
sentence
312 314 759 861 864 998 2134 2414 2586 2587 2609 2676 2677 2689
similarity
312 314 861
asteroid
313
collision
313
daily
315 1878 1959
temperatures
315
earn
316 1317
cherry
317 680
pickup
317 680 1758
letter
318 1042 1046 1393 1416 1421 1801 1807 1808 2255 2340 2507 2682
min
319 744 1138 2073
cost
319 379 457 468 531 544 562 639 721 744 750 845 929 998 1015 1052 1146 1231 1243 1249 1259 1289 1335 1362 1674 1740 1748 2205 2207 2240 2251 2273 2286
climbing
319 2120
stairs
319 2120
at
320 326 382 404 639 664 668 675 901 946 1027 1297 1438 1506 1837 1866 1890 2114 2185 2209 2236 2372 2380 2593 2666
least
320 326 382 639 664 668 693 1837 1866 2114 2169
twice
320 1807
others
320
completing
321
contain
322
virus
322 941
corner
323 1136
open
324 617
lock
324
pour
325 1048
employee
328 1219 1708 1836 1840 1842 1919 1964 1965 1971
free
328
anagram
329 1785 1804 2377
mappings
329
sign
330 869 1056
toeplitz
331
chunks
332 333
make
332 333 345 432 433 440 443 536 548 554 639 679 694 702 724 737 740 747 783 786 789 812 826 850 854 873 904 916 971 988 1032 1048 1067 1093 1135 1162 1166 1174 1231 1232 1259 1286 1316 1329 1331 1336 1354 1359 1366 1374 1439 1656 1666 1676 1729 1734 1760 1785 1794 1797 1804 1806 1810 1945 2183 2197 2204 2220 2239 2240 2290 2304 2312 2323 2333 2336 2349 2350 2521 2600 2601 2660 2664 2673
puzzle
334 549 550 611
minimize
335 419 421 503 790 816 896 897 945 953 989 1184 1224 1343 1350 1512 1675 2252 2423
global
336 2013
local
336 1185
inversions
336
swim
337
rising
337 1830
rabbits
338
forest
338 525
transform
339 620 767
chessboard
339 1002 2152 2528
prime
340 1273 1330 1341 1650 2494 2506 2547 2549
fraction
340 2374 2488
escape
341 490 1118
ghosts
341
state
342
bounded
343 1506 1772 2499
rotation
344 903
highest
344 823 840 956 996 1054 1061 1820 1821 1827 1841 1879 2289
score
344 381 492 582 608 717 842 853 855 936 979 996 1061 1096 1107 1144 1153 1154 1274 1278 1287 1288 1306 1319 1324 1347 1349 1513 1749 1995 2068 2289 2327 2329 2342 2592 2654
swaps
345 539 716 804 1045 1162 1438 1723 2312 2332 2333 2336 2588
sequences
345 434 526 1053 1631 2225
bricks
346
when
346 521 992
morse
347
code
347 1397
same
348 562 683 734 754 819 848 1198 1225 1365 1420 1516 1736 1801 1982 1993 2037 2057 2181 2261 2285 2667
lines
349 489 1059 1131
write
349
increase
350
keep
350 1060 2278
city
350 484 696 1276 1734 2024 2185 2286 2407
expressive
351
chalkboard
352
subdomain
353
visit
353 540 1314 1913
averages
355 1018 1246
bus
356 552 1158 1896 2009 2010
routes
356 738 1734
linked
357 480 1454 1525 1597 2052 2087 2370 2371 2373 2402 2415 2436 2439 2440 2441 2442 2443 2444 2445 2447 2448 2449 2450 2451 2452 2453 2454 2455 2456 2459 2460 2462
list
357 459 480 614 676 676 1322 1445 1454 1525 1597 1693 1694 1912 2040 2048 2052 2087 2112 2369 2370 2371 2402 2415 2428 2432 2433 2434 2435 2436 2437 2438 2439 2440 2441 2442 2443 2444 2445 2447 2448 2449 2450 2451 2452 2455 2456 2459 2460 2462
components
357 1225 1692 1752
short
358
encoding
358
character
359 546 1090 1779 2071 2196 2323 2360 2383 2400 2422
card
360
flipping
360 365 381
factors
361 1273 2257 2547
friends
362 521 613 743 1851 1986 1987
appropriate
362
ages
362
profit
363 573 752 1137
assigning
363
work
363 939 958
making
364 695
large
364 490 517 713 2640
overlap
367 2266
similar
368 1177 1232 1265 1987 2193 2243 2663
groups
368 400 750 863 961 1175 1203 1440 1672 1724 1750 2458 2577 2640
magic
369 909 1068 2085
grid
369 469 585 602 639 649 716 725 898 920 977 988 1015 1043 1117 1133 1146 1157 1184 1263 1314 1344 1346 1358 1373 1668 1739 1740 2188 2208 2576
guess
370 718 1483 2132
mountain
371 377 429 519 786
hand
372 1168
straights
372
shifting
373 1186
letters
373 582 1186 1198 2293 2642
maximize
374 472 619 851 855 1085 1218 1276 1296 1319 1323 1509 1668 2068 2201 2254 2344 2527
person
374 1853 1896
loud
376
rich
376 2005
car
378 518 847 2160
fleet
378 847
hire
379 1243
workers
379 1243
lemonade
380
get
383 605 613 657 717 727 734 774 822 898 1500 1621 1841 1918 2317 2584
keys
383 1716 2148 2149
transpose
384 2569
advantage
385
refueling
386
stops
386 552 1714
fibonacci
387 1419 1617 2138 2316
walking
388 2102
robot
388 1005 1015 1415 2102 2348 2499 2571
koko
389
eating
389
bananas
389
stone
390 495 497 535 654 729 795 797 895 985 2191
profitable
391 1247
schemes
391
boats
392
save
392
people
392 595 676 824 934 959 1058 1133 1210 1744 1904 2227 2502
projection
393
3d
393 399
shapes
393 399
fair
395 783 1147 1304 2256
swap
395 500 816 1794 1864 2300 2400 2430 2638
widths
398
surface
399
special-equivalent
400
monotonic
401
bitwise
402 456 878 1128 1207 1211 1215 1264 1372 1634 1676
ors
402
rle
403
n
404 442 609 628 635 855 1050 1429 2188 2194 2203 2425 2426 2452 2517 2644
given
404 563 595 596 647 675 700 755 770 849 954 1035 1063 1075 1115 1476 1501 1506 1594 1838 1890 1904 2066 2161 2212 2246 2324 2363 2425 2426 2537 2582
digit
404 1281 1334 1484 1802 1805 1805 2127 2171 2223 2254 2343 2351 2412 2538 2552 2578 2588
fruit
405
baskets
405
parity
406 417 2588
minimums
407
snakes
409
ladders
409
online
411 541 1813
election
411
x
413 757 757 781 848
kind
413
deck
413
cards
413 436 659 1119 2216
disjoint
414 1481
multiplicity
418
malware
419 421
spread
419 421 941
parts
420 477 2448
email
422
addresses
422 1398
bridge
426 1279
reorder
427 734 1734 2437
log
427 751 2084
files
427
di
430 1436 2164
match
430 1143 1576 2606
superstring
431
columns
432 440 443 509 1196 1346 2011
increment
433 642 1282
validate
434 1443 1596 2628
stack
434 642 671 2073 2075 2089 2092
bag
435 837 1290
tokens
435
reveal
436
order
436 485 647 653 1468 1476 1518 1519 1521 1539 1578 1697 1768 1826 1936 2011 2583 2649 2693
component
437
common
437 470 557 583 924 931 951 1014 1285 1357 1378 1448 1535 1588 1611 1612 1615 1781 1991 2172 2174 2257 2501 2613
verifying
438
doubled
439 969
tallest
441
billboard
441
prison
442
cells
442 485 579 1117 1344 1380 2554 2680
n-repeated
444
2n
444
width
445 1346 1561
ramp
445
vowel
447 1300 1318 1759 2418
spellchecker
447
pancake
448
sorting
448 1017 2587
origin
449 2571
odd
451 579 710 745 1065 1233 1608 1624 1678 1770 2335 2443 2520 2652
even
451 458 603 1020 1021 1065 1202 1237 1255 1435 1608 1658 1678 1770 2290 2443 2458 2538 2543
turbulent
454
triples
456 2248
zero
456 597 609 781 850 1098 1105 1128 1174 1657 1666 1734 1770 2402 2536
tickets
457 1010 1440
queries
458 612 656 689 874 914 1013 1223 1239 1251 1263 1305 1308 1382 1388 1627 1898 1925 1952 1953 1954
intersections
459
array-form
460
integer
460 650 674 713 957 1226 1277 1277 1328 1438 1501 1641 1654 1677 2131 2256 2317 2349 2365 2366 2396 2451 2463 2475 2511 2512 2546 2557 2612 2650
satisfiability
461
equality
461
equations
461 1149
different
462 667 867 1011 1110 1909 2128 2155 2208 2413
integers
462 609 634 693 779 907 1080 1227 1295 1298 1435 1629 1639 1666 1809 2104 2143 2186 2229 2241 2395 2413 2512 2537 2538 2540
rotting
463
oranges
463 1928 1962 2194
bit
464 1666 1673 2566
flips
464 597 1041 1070 1621 1656 1673 2204 2320
squareful
465
town
466
judge
466
available
467 1852
captures
467
rook
467
stones
468 493 945 1682 2057 2329 2390
illumination
469
negations
472
domino
473 530 2157
rotations
473 560
songs
475
durations
475
60
475
capacity
476 1130
ship
476
packages
476
within
476 1054 1197 1234 1500 1714 2016
d
476
sightseeing
478
prefix
479 944 1075 1209 1220 1319 1329 1357 1441 2090 2359 2609 2613 2675
5
479 1837 1848
node
480 1107 1129 1389 1456 1503 1526 1527 1563 1583 1599 1607 1618 1745 1854 2066 2202 2289 2428 2442 2445 2459
enclaves
481
video
482 1238 2103
stitching
482
scheduling
484 573
coloring
488 1589
border
488
uncrossed
489
maze
490 926 1700 1701 1702 2285
boomerang
491
triangulation
492
polygon
492 2263 2553
until
493 1682
checker
498 2297 2684
grumpy
499
bookstore
499
owner
499
previous
500 2033
distant
501
barcodes
501
campus
502 508
bikes
502 508 2042
rounding
503
error
503
meet
503
fixed
506 1094 1228 2421
flip
509 1297 1407 1572 1576 2166 2385 2622
rows
509 557 623 670 998 1196
adding
510 1030 1046 2252
negabinary
510
submatrices
511 594 704 1282
that
511 542 565 589 632 672 674 700 756 818 833 848 908 959 1084 1133 1139 1219 1226 1237 1267 1599 1801 1950 1968 1989 1999 2015 2017 2180 2196 2285 2537 2548 2652 2674
digits
512 603 674 1164 1294 1412 1438 2156 2170 2246 2247 2249 2295 2302 2328 2343 2382 2473 2511 2529 2548 2574 2667 2668
high
513
five
513
zeros
514 986 1109 1252 2461 2669 2692
values
515 531 579 685 854 887 938 1060 1185 1309 1379 1431 2033 2236 2456
labels
515 2303
statistics
517 1977
sample
517
pooling
518
earliest
521 1047 2206
moment
521 703
everyone
521 991
become
521
value
522 532 619 644 657 701 706 709 799 827 972 1003 1095 1184 1225 1237 1256 1260 1285 1303 1390 1450 1451 1506 1547 1548 1594 1625 1795 1805 2033 2063 2186 2205 2324 2334 2363 2535 2547
filling
523
bookcase
523
shelves
523
corporate
524
flight
524
bookings
524
nodes
525 996 1182 1251 1467 1477 1479 1505 1567 1568 1585 1593 1596 1601 1603 1605 1620 1625 1652 1728 1736 1747 1750 2066 2070 2272 2277 2290 2402 2430 2431 2452 2452 2455 2457 2458 2461 2462
return
525 2571
divide
526 570 604 1086 1203 1254 1629 1750 2214 2270 2548 2577
well-performing
528
sufficient
529
team
529 643 762 1899 1908
equivalent
530 782 1572 1609 1800 2645
leaf
531 1529 1565 1579 1582 1585 1605
absolute
532 558 669 794 832 866 914 968 1459 2051 2456
expression
532 979 1405 1606 1606 1609 1610 1927 2117 2205 2252 2388 2562 2565
1-bordered
534
decrease
536
snapshot
537
check
538 571 578 628 649 668 699 771 782 834 907 942 944 978 1044 1101 1121 1149 1152 1183 1198 1266 1326 1573 1600 1609 1660 1794 1798 1800 1805 2212 2222 2318 2322 2341 2414 2424 2526 2551 2594 2609 2666 2670 2672 2676 2678
if
538 571 578 628 649 668 699 782 834 907 942 944 978 1044 1101 1121 1152 1183 1229 1266 1600 1609 1660 1741 1790 1794 1798 1805 2212 2222 2261 2318 2322 2341 2411 2414 2424 2526 2551 2594 2609 2666 2670 2672 2676 2678
1's
539 668 698 1045 1266
together
539 1045 2542
analyze
540
user
540 1882 1884 1885
website
540
be
542 632 737 833 903 959 978 1084 1133 1267 1623 2065 2341
formed
542 582
as
543 543 1481 2028 2115 2453 2609 2674
far
543
land
543 1016
possible
543 738 1035 1047 1438 1570 1718 2070
connect
544 744 750
sticks
544 1761 1761
invalid
545 1408 1915 1958
transactions
545 1208 1894 1897 1913 1945 2044
compare
546 2572 2620
frequency
546 567 768 879 1013 1274 1502 1753 1802 1808 1838 1936 2092 2110 2567
diet
547
plan
547
performance
547 643 1911
substring
548 935 1090 1125 1143 1305 1335 1497 1498 1658 1665 1670 2114 2116 2322 2356 2363 2364 2367 2368 2372 2380 2400 2403 2410 2581 2582 2583 2585 2605 2610 2649 2671 2688 2690
each
549 667 690 841 875 884 885 946 975 1008 1062 1113 1260 1526 1527 1548 1879 1907 1941 1947 1964 1965 1969 1971 1976 1995 2002 2009 2010 2014 2024 2029 2031 2063 2422 2598
before
550 703 1208 2678
color
551 1351 1365 1795 2243 2261 2528
between
552 644 706 723 769 887 919 931 953 956 976 1001 1036 1048 1198 1252 1281 1284 1467 1583 1667 1749 1960 1961 2410 2454 2457 2461 2513 2514 2598 2659
deletion
553
strictly
554 916 1055 1194 1380 1684 2035
k-concatenation
555
how
556 637
many
556 637
apples
556 805 1249 1508 1732 1928 1962
you
556 605 659 727 772 829 854 939 949 965 1009 1173 1935 2190 2317 2417 2530
put
556 730 741 1292
basket
556 1270
occurrences
559 1798 2040 2045 2340 2403 2646 2671
reach
560 772 778 1136 1492 1743 1765 2207 2277 2286 2332 2342
chips
562
gold
564
queens
565
attack
565
king
565
dice
566 2176
roll
566 2225
progression
568 702
chocolate
570
it
571 578
straight
571
sub-folders
572
filesystem
572
job
573 622
transformation
575
removal
576 1064 1136 1239 1617
nice
577 862 1199 1670 2527
good
578 707 714 810 853 962 1023 1058 1072 1212 1213 1283 1385 1486 1601 1605 1664 1767 2187 2211 2232 2237 2531
reconstruct
580 2047 2280 2382
2-row
580
closed
581
region
583
synonymous
584
sentences
584 1034 2394
shift
585
greatest
586 606 666 951 1260 1378 2255 2501
box
587 841 889 1792 2550
their
587 1288 1824
location
587
visiting
588 1652
servers
589 756 900
communicate
589
suggestions
590
ships
592
tic
593
tac
593
toe
593
they
595
belong
595
divisor
596 951 1378 1681 2501 2539
threshold
596 601 626 763 1160 2185
appearing
598
more
598 731 754 986 1824 1848 2021
25%
598
covered
599 907 1124 1196
side
601 606 1533
or
601 626 669 731 754 757 848 1098 1207 1264 1307 1361 1369 1483 1656 2021 2057 2115 2132 2220 2224 2306
obstacles
602
elimination
602 2477
sets
604 2195
mutated
607
up
609 674 1119
verbal
611
watched
613
videos
613
your
613 829 829
decompress
614
run-length
614 893
encoded
614 893 2212
block
615
print
616 1560 1768 1769 1770 2348 2450
vertically
616
taps
617
garden
617 851 1508
diagonally
618
rank
620 638 767 1818 1822 2028 2279
filter
621
restaurants
621
vegan-friendly,
621
price
621 1054 1284 1290 1350 1817 1890 1902 1969
difficulty
622
weakest
623
reduce
624 781 1657 1659 1677
half
624
v
625 729 1876 2026
sub-arrays
626 690 710
its
628 1226 2259
double
628 2534
exist
628
students
629 675 802 979 1268 1288 1848 1860 1905 1915 1924
taking
629
exam
629 1509 2091
negative
630 749 1226 1277
events
632 833 1000 1229 2037
attended
632 833 1951
multiple
633 636 1111 2249 2426 2543
1
634 1354 1633 2006 2644
bits
634 1632 1633 1637 1647 1650 1678
apply
635 1241 1676 2683
discount
635 688 1052 2015 2017 2683
every
635 1044
orders
635 658 857 1846 1939 1941 1943 1980 2006 2006 2021
are
637 668 699 782 907 1237 1609 1790 1800 2015 2017 2261 2411 2676
current
637
teams
638 651 1254
votes
638
times
640 731 754 1433 1866 2018 2258 2426
prefix-aligned
640
lucky
641 650
operation
642 830 1330 1661 2142 2356
cinema
645
seat
645 991 1683 2101
allocation
645
pizza
646 673
3n
646
create
647 776 1081 1225 1507 1926 2294
four
648 1638 2343
divisors
648 2515 2527 2532
there
649 1121 1183 1266 2222
reducing
652
dishes
652
non-increasing
653 2220
matching
655 844 1206 2117 2119 2392 2608
key
656 764 1078 2630
step
657 657
display
658
table
658 1488 1893 1956 1972 2019 2020 2023 2032 2033
food
658 822 1891 1892 2041 2108 2213
restaurant
658 1910
obtain
659 2536 2687
constrained
661
counting
662 1075 1637
perform
663
shifts
663
leftmost
664
column
664 755 1041 1044 1070 1171 1252 1361 2057 2468 2469
kids
666
ways
667 673 734 739 770 783 811 826 983 1074 1123 1315 1317 1664 1761 1762 1765 2123 2128 2146 2181 2188 2199 2209 2210 2214 2216 2218 2226 2232 2253 2280 2522
wear
667
hats
667
other
667
places
668
away
668
diff
669
limit
669 837 1511 1803
build
671 922 1074 1193 1606 1762 2008 2190 2216 2232 2311
operations
671 781 812 816 841 842 846 855 859 873 904 943 971 972 988 1004 1032 1038 1067 1087 1151 1214 1227 1232 1241 1278 1286 1328 1331 1339 1354 1374 1626 1666 1676 1677 1729 1737 1742 1760 2322 2345 2521 2536 2544
triplets
672 714 911 1072 1181 1250 1950 2539
form
672 674 711 770 818 839 849 911 1334 2036 2308
cutting
673 906
doing
675
homework
675
whose
676 1221 1994 2316
favorite
676 829 829
companies
676
not
676 948 1862 1922 1945 1968 1999
another
676 839 1554 1618 2318 2399
darts
677
inside
677 874 1112
dartboard
677
dot
678 735
reversing
679
piece
682
cake
682
horizontal
682
vertical
682 769 1539 1578
cuts
682 2270
probability
683 708 1683 2152
having
683 1255
distinct
683 885 999 1227 1242 1246 1273 1291 1364 1379 1709 1710 1796 1810 2125 2168 2225 2309 2358 2361 2372 2380 2507 2544
balls
683 723 775 837 841 1792
strongest
685
browser
686
history
686
final
688 972 2205
prices
688 2683
special
688 742 757 813 940 963 1127 1362 1391 1981 2229 2338 2564
shop
688 2560
subrectangle
689
allocate
691
mailboxes
691
running
692 1050 1909
1d
692 981
removals
693 786 1154 1187
m
694 728 731 2452
bouquets
694
names
695 1956
avoid
696 2658
salary
697 697 1820 1821 1827 1836 1842 1864 1982 1985
excluding
697
satisfy
700 1791
condition
700 1938
equation
701 1501 2008 2489
ants
703
fall
703 806
out
703 987 2141
plank
703
mysterious
709
increments
711 1102
arrange
716 2023
hidden
718 1053 1739 1740 2328
stick
721
odds
722
magnetic
723
force
723
calls
724 1814 1960
detect
725 731 974 2631
cycles
725
visited
726 1344 1945
sector
726

726
track
726
coins
727 1095 1332 1485 1577 2179
latest
728 1158 1983 2039 2206 2328
warehouse
730 741 1944
disconnect
733 1297
bst
734 1447 1452 1453 1455 1456 1458 1459 1460 1461 1466 1467 1469 1473 1476 1507
vectors
735
removed
737 2057
where
739 806 949 965 2190 2206
rope
740 2071
colorful
740
positions
742 1104 2640
unhappy
743
obtained
746 903 1046
any
746 832 1006 1945 2609
p
747
strange
748 2150 2179
printer
748 2150
non
749
crawler
751 1725 1726
folder
751
operating
752
centennial
752
wheel
752
achievable
753
transfer
753
requests
753 756 1849 1851 2284
alert
754
using
754 900 1176 2075 2076 2184 2338 2348 2456 2480 2667
key-card
754
hour
754
period
754 1912
handled
756
visible
758 934 1167 1761
font
759
fit
759 1896
screen
759 2134
mean
760
removing
760 1019 1033 1068 1126 2327 2329 2579 2580
some
760 2181
coordinate
761 827 848
network
761 992 1437 1711 1729 2279
quality
761 1007 1898
conflicts
762
graph
763 1007 1257 1686 1689 1692 1713 1741 1745 1746 1747 1751 1795 2067 2109 2193 2272 2278 2282 2283 2291
connectivity
763
slowest
764
effort
766
widest
769 955
containing
769 1113 1658 2215 2404
formation
771
concatenation
771 927 982 1303 1669 2367
furthest
772 1011
building
772 880 1504 1771
instructions
773 776 2576
generated
774
diminishing-valued
775
colored
775 2261 2554
defuse
777
jumps
778 871
home
778
repeating
779 1090 1498 2114 2364 2383 2610 2658
ordered
780 1912 1947
initial
784
energy
784
finish
784 817 958 1077 1155
tasks
784 900 958 1009 1108 1321 2022
front
785
middle
785 960 2449 2459
back
785
richest
787 1299
customer
787 1844 1846 1917 1936 1945 1947
wealth
787
competitive
788
complementary
789
deviation
790
k-sum
791 1189
incompatibility
792
consistent
793
differences
794 1311 1420
vi
795 800
delivering
796
storage
796 2084
ports
796
vii
797 2559
stacking
798
cuboids
798
erasure
799
checking
801 2281
existence
801 2281
edge
801 2281 2289 2291
limited
801 1191 2281
unable
802
eat
802 829 1333 2194
lunch
802
waiting
803
adjacent
804 828 1038 1110 1162 1365 1438 1720 2332 2596 2599 2638
eaten
805
will
806 908
ball
806
units
809 2223
truck
809
meals
810
evenly-spaced
813
lexicographically
814 1737 2348 2355 2356 2645 2691
xored
815 825
jobs
817 1155
tuple
819
submatrix
820
rearrangements
820
cat
821 2165
mouse
821 2165
altitude
823
teach
824
restore
828 1398 2189
day?
829
recently
836
used
836 2042
ocean
838
view
838 1533
concatenating
839 1042
map
840 2086
performing
842 972
features
843
popularity
843
items
844 1054 1177 1240 1724 2354
rule
844
dessert
845
nearest
848 926 1607
has
848 1805 1851 2666
y
848
segments
850 1296 2195 2626 2669
beauty
851 973 1103 1353 1793
pass
852 2555
ratio
852 2421
ascending
856 2676
backlog
857
reinitialize
859
bracket
860
getting
863
fresh
863
donuts
863
truncate
864
finding
865 892 1020 1167 1816 2014
users
865 1831 1878 1929 1937 1951 1989 2015 2016 2017 2043
active
865 1881 1929 2043
minutes
865
gcds
867
accepted
868 2001
invitations
868
sideway
871
faulty
872
sensor
872
circle
874 1112 2264 2268 2270 2499
ice
876
cream
876
bars
876
single-threaded
877
cpu
877
decreasing
881 1786
rearranging
881 1302
room
882 1415 2091 2285
include
884
population
886
year
886 1920 1975 2505
min-product
888
rotating
889 920
floored
890
totals
891
certain
892
speed
894
arrive
894 901 2209
viii
895 1141
biggest
898 1861 1961
rhombus
898
skips
901
determine
903 1229 1360 1790 2411 2528
whether
903 1800
reduction
904
space
905 943 1240
wasted
905 943
packaging
905
ribbons
906
student
908 1843 1879 2140 2634
chalk
908
removable
910
sub
913
nim
915 1679
alternating
917 990 1067 1647 1721 2204 2333 2552 2664
movie
918 1914
rental
918
cyclically
920
eliminate
923
monsters
923 1201
subpath
924
exit
926
entrance
926
rungs
928
genetic
930 1698 2063
unoccupied
932
chair
932
describe
933
painting
933 1392 2208
mutating
935
compatibility
936
folders
937
weeks
939
which
939 1964
variants
941
legal
942
resizing
943
obstacle
946 1136
searchable
947
neighbors
948 2185 2261
day
949 965 1047 1062 1932 1976 1993 2024 2505 2508
still
949
cross
949 1279 1280 2180
chosen
953
indices
955 1017 1065 1083 1212 1272 1313
lowest
956 1448 1535 1588 1611 1612 1615
scores
956 1209 1510 1822 1899
sessions
958 1973
caught
959
farmland
961
quadruplets
963 1293
weak
964
have
965 1229 1798 2530 2652
been
965
gcd
966 1222 1230
interchangeable
967
original
969 1037 1220 2212 2382
earnings
970
taxi
970
variable
972
segment
975 1187 2666
placed
978
crossword
978
solving
979 1049
math
979
brightest
980
street
980 1104 1383
observations
984
ix
985
uni-value
988
becomes
992
idle
992
simple
994
bank
994 1023 1039 1942 1946 1978 2524
bitwise-or
995
parallel
997 1662 2274
courses
997 1662 2274
separate
998 1294 2210
plates
1001
candles
1001
spaces
1005 1030 2659
cleaning
1005
cleaned
1005
minimized
1006
products
1006 1316 1865 1912 1922 1933 1947 1967 1972 2021
distributed
1006
store
1006 1496 1969 2002
item
1008
needed
1010 1730 2230
houses
1011 1383 2226
watering
1012 1026
plants
1012 1026
occurrence
1014 2604
homecoming
1015
fertile
1016
pyramids
1016
radius
1018
3-digit
1020
rob
1023
detonate
1024
bombs
1024
fruits
1027 1218 1302
harvested
1027
steps
1027 1135 1657 1659 1765 1785 1804 2181 2183
flavors
1028
sharing
1028 1815 2103
palindromic
1029 1432 1684 2116 2139 2147 2155 2198 2235 2346 2362 2416 2651
smooth
1031
descent
1031
periods
1031
k-increasing
1032
replacing
1033 2328 2547
found
1034 1060
recipes
1035
supplies
1035
identical
1036
recover
1037 1444 1584
laser
1039
beams
1039
destroying
1040
asteroids
1040
stamping
1043 2305
full
1047 1114 1130 1570 2530
bloom
1047 1114
buckets
1048 2213
levels
1048 1558 1624
questions
1049
brainpower
1049
computers
1050
choose
1051 1295 1298 2068
buying
1052
ranked
1054
rearrange
1056 1319 1761 1777 1806 1972 2230 2586 2659
based
1058 1496 1511
statements
1058
cover
1059
multiplying
1060
divisions
1061
amount
1062 1145 1161 1192 1623 1920
new
1062 1878 2162
painted
1062 1361
according
1063 2550
independently
1065 2011
bitset
1066
beans
1068
sturdy
1074
complete
1076 1108 1321 1479 1571 1752
trips
1076 1350 1831
race
1077 2160
following
1078
jumbled
1079
append
1080 2350
minimal
1080
descriptions
1081
non-coprime
1082
k-distant
1083
artifacts
1084
extracted
1084
topmost
1085
halve
1087
hills
1088
valleys
1088
archery
1089
competition
1089 1175 1188
health
1091
beat
1091
deletions
1093 1166 2197 2231 2323
piles
1095
triangular
1097
players
1098 1206 1254 2206
losses
1098
allocated
1099
children
1099 1619 2353
encrypt
1100
decrypt
1100 2650
gardens
1103
required
1104 1208 2287
brightness
1104
atm
1106
machine
1106 1955
rounds
1108 2206 2530
trailing
1109 2470 2692
cornered
1109
lattice
1112
prefixes
1115 1347 2062
unguarded
1117
spreading
1118
fire
1118
parentheses
1121 1394 1408 2118 2128 2222 2252 2304 2321 2341 2589 2592 2595 2597 2598 2600 2602
keypresses
1122
white
1124 2217
tiles
1124 2217
carpet
1124
variance
1125
resultant
1126
floors
1127 1127 2203
without
1127 2143 2306 2364
bags
1130 1292
rocks
1130
represent
1131 1950
chart
1131 1926
strength
1132 1377
wizards
1132
seen
1133
sender
1134
trading
1137
stocks
1137
such
1139
successful
1142
spells
1142
potions
1142
replacement
1143 1641 2383
calculate
1145 1931 1981 2031 2524 2556 2578
paid
1145
taxes
1145
distribution
1147 2275
naming
1148
company
1148 1859 1952 1953 1954 1994 1997 1998
contradictions
1149
selling
1150 1902
pieces
1150 2261 2687
wood
1150
x-matrix
1152
spliced
1153
catch
1158
squared
1159
varying
1160
cups
1161
trimmed
1165
mountains
1167
poker
1168
zero-filled
1169
impossible
1170 1307
rolls
1170 2176
excellent
1172
books
1173 1877
take
1173 1299 2422
subtracting
1174
amounts
1174 2044
entering
1175
costs
1176 1366
train
1176
bad
1178 1480
replacements
1180
reachable
1182 2272 2551
restrictions
1182
hours
1188
training
1188
win
1188 1296 1644
wise
1190
collect
1192 1332 1508 1732
garbage
1192
conditions
1193 1337 1791
robots
1197 1384
budget
1197 1500
distances
1198 1342 2056
sql
1205
trainers
1206
money
1208 2353 2524
turn
1214
pairings
1215
satisfying
1216
inequality
1216
hourglass
1217
tastiness
1218 1270
purchased
1218
worked
1219
powers
1223 2526
exists
1226 1741 2212
bounds
1228
conflict
1229
edits
1234
destroy
1235
sequential
1235 2247
targets
1235
popular
1238
creator
1238
subtree
1239 1453 1546 1554 1568 1587 1617 1620 2063
traveled
1244 2558
lcm
1248
unequal
1250 1259
skill
1254
star
1257 2283
streak
1261 2012
memory
1262 2573
allocator
1262
0's
1266
forts
1267
captured
1267
reward
1268
great
1271 2601
partitions
1271 2234
k-big
1272
xor-beauty
1275
powered
1276
applying
1278 1737 2544
taken
1280
door
1280
marbles
1292
gifts
1299
pile
1299
changing
1306 2317
handling
1308
update
1308
summing
1309
square-free
1310
left
1311 1543 1547 1994 2422
divisibility
1312 1349
marked
1313 1389
cell
1314
overlapping
1315 2037 2268
coprime
1316
todo
1322
greatness
1323
marking
1324
repair
1325
cars
1325 2215
knight
1326 1722 2152 2167
tour
1326 1363
configuration
1326
non-negative
1328 1329 2143
subtraction
1330 2488
grains
1333
k-subarray
1336
mice
1338
cheese
1338
k-free
1345
red
1351
multiples
1352
uncovered
1355
exactly
1356 1765 2190
fish
1358
bowling
1360
completely
1361
roads
1362 2288
knights
1363
senior
1367
citizens
1367
power
1370 1635 1638 1782 2186 2476
heroes
1370
losers
1371
neighboring
1372
non-positive
1374
chocolates
1375 1387
extra
1376
diagonals
1379
semi-ordered
1381
movement
1384
neither
1386
nor
1386
collecting
1387
generate
1394 2030 2264 2652
gray
1397
ip
1398 1648 2628 2647
ladder
1401 1685
partitioning
1402 2126 2182 2200 2325
operators
1405 2169
additive
1409
generalized
1410
android
1411
unlock
1411
patterns
1411
watch
1413
cleaner
1415
case
1416 2255 2637
source
1417 2058
ambiguous
1418
coordinates
1418
tile
1421
possibilities
1421
brace
1422 1424
expansion
1422 1424
confusing
1423 2500
stepping
1425
representation
1426 1650 1659
tiling
1427 2157
fewest
1427
lexicographical
1429 2050 2649 2693
happy
1429 2315 2359 2375
substrings
1430 1500 1671 1763 1793 1796 1799 1801 1802 2136 2147 2161 2196 2233 2236 2319 2327 2331 2358 2361 2362 2397 2404 2418 2421 2507 2518 2525 2580 2598 2636 2644 2672 2674
splitting
1431 2343 2654
descending
1431
numerically
1434
balanced
1434 1522 1784 2197 2336 2581 2690
critical
1437 2276 2457
connections
1437
booking
1440
concert
1440
uploaded
1441
ancestor
1448 1503 1535 1583 1588 1611 1612 1615
verify
1449 1540
successor
1452 1458
doubly
1454 2052
serialize
1455 1537 1696
deserialize
1455 1537 1696
mode
1457
trim
1462
bsts
1471 1507
balance
1474 2003 2321
depth
1476 1520 1523 1705 2597 2602
insertion
1476 2183 2334 2438
descendants
1477
sqrt(x)
1478
version
1480 2620
higher
1483 2132
lower
1483 2132 2255 2637
nth
1484 1494 1821 2428 2566
arranging
1485
base
1486 1654 2483 2498 2529
my
1489 1490 1491
calendar
1489 1490 1491
preimage
1493
factorial
1493 2470 2497
magical
1494 2629
egg
1495 2203
drop
1495 2006 2203
key-value
1496
solution
1501
tweet
1502
counts
1502 1658 2652
per
1502 1901 1913 1943 1955
enough
1508
confusion
1509
built
1510
message
1511 2420
symmetric
1517
level
1518 1519 1521 1590 1626 1697
populating
1526 1527
pointers
1526 1527
root
1529 1582 1585 1600 1614 1619 1663 2070
upside
1532
down
1532
invert
1534
univalue
1536 1564
subtrees
1536 1559 1667 2069
serialization
1540
leaves
1542 1543 1588 1592 1594 1600
n-ary
1544 1663 1696 1697 1705 1735 2053 2054 2059 2060
bottom
1547
diameter
1550 1727 2060
boundary
1551 2141
tilt
1553
second
1563 1743 1820 1858 1918 2412
pruning
1566
deepest
1568 1588 1592
leaf-similar
1569
inserter
1571
completeness
1573
univalued
1574
cameras
1575
starting
1579
cousins
1580 1628
insufficient
1585
labelled
1586
contaminated
1591
even-valued
1593
grandparent
1593
splitted
1595
corresponding
1599
clone
1599 1604 1686 1735
pseudo-palindromic
1602
pointer
1604 2369
infix
1606
correct
1613
step-by-step
1618
directions
1618
result
1621 2252 2254
boolean
1622 1927 2565
infected
1623
cycle
1627 1746 1751 2067 2370 2371
dna
1631
hexadecimal
1642
complement
1645 1654
bulb
1646 1680
switcher
1646 1680
cidr
1648
pyramid
1649
transition
1649
symbol
1651
grammar
1651
10
1654
b
1656 1922
c
1656 1922
vowels
1658 1763 2178 2582 2583 2624 2648
codes
1660
awesome
1665
cities
1667 1749 2273
happiness
1668
wonderful
1671
trip
1674
highways
1674
0
1677 2006
airplane
1683
assignment
1683
connected
1692 1729 2282
undirected
1692 1746 1747
nested
1693 1694 2048
jug
1695
mutation
1698
zuma
1699
freedom
1703
trail
1703
provinces
1704
redundant
1706 1707
connection
1706 1707
importance
1708 2288
delay
1711
couples
1712
holding
1712
hands
1712 2513
bipartite?
1713
cheapest
1714
flights
1714
eventual
1715
safe
1715 2055
states
1715
k-similar
1717
bipartition
1718
slashes
1719
flower
1720
planting
1720
respecting
1724
dependencies
1724
web
1725 1726
multithreaded
1726 1773
inform
1730
employees
1730 1824 1870 1871 1872 1964 1982 1992 1994 2034 2065
t
1731
seconds
1731
lead
1734 2058 2285
sub-tree
1736 2059
label
1736
coprimes
1738
destination
1743 2058 2207 2209 2407
secret
1744 2227
ancestors
1745
directed
1745 1795
acyclic
1745
unreachable
1747
fuel
1748
report
1748 1860 1900 1904 1964
capital
1748 1921 2631
poor
1756
pigs
1756
music
1757
playlists
1757
delivery
1758 1891 1892 2041
options
1758
ant
1762
colony
1762
ideal
1764 2228
foobar
1769
alternately
1769 2665
h2o
1771
blocking
1772
fizz
1773 2478
buzz
1773 2478
dining
1774
philosophers
1774
traffic
1775 1850 2007
light
1775
controlled
1775
bulls
1776
cows
1776
apart
1777
ransom
1778
note
1778
reorganize
1780
reordered
1782
2
1782 2148 2203
frogs
1788
croaking
1788
parking
1789
halves
1790
alike
1790
redistribute
1797
almost
1800
begin
1801
end
1801 1906 2428
repeat
1803
appear
1807 2674
equalize
1808
autocomplete
1812
span
1813
recent
1814 1918 1939 1941
mk
1816
fluctuation
1817
sequentially
1818
ordinal
1818
tracker
1818 2110
combine
1819
tables
1819
earning
1824
managers
1824 1837
emails
1825 1829
customers
1826 1865 1922 1943 1975 2005 2006 2035
who
1826 1851 1865 1866 1922 1945
never
1826
department
1827 1828 1893 1971
salaries
1828 1931 2039
temperature
1830 2545
play
1832 1833 1834 1835 1876
analysis
1832 1833 1834 1835 1867 1868 1869 1873 1874 1875 1876 1888 1889 2025 2026
direct
1837
reports
1837
winning
1839 2012
candidate
1839
bonus
1840 1981
answer
1841
rate
1841 1849 1988 2078
question
1841
cumulative
1842
departments
1843 1859 1915
referee
1844
investments
1845
2016
1845
placing
1846
big
1847
countries
1847 1935
classes
1848
friend
1849 1851 2284
i:
1849
overall
1849
acceptance
1849
human
1850
stadium
1850
ii:
1851
seats
1852 1863
sales
1853 1867 1868 1869 1873 1874 1875 1920 1932 1948 2025 2026
judgement
1855
plane
1856
follower
1858
salary:
1859
vs
1859
geography
1860
boring
1862
movies
1862 1934
exchange
1863
bought
1865 1922
actors
1866
directors
1866
cooperated
1866
project
1870 1871 1872
unpopular
1877
grade
1879
reported
1880 1883
posts
1880 1883
businesses
1881
purchase
1882
platform
1882 2103
activity
1884 1885 1916 1918
past
1884 1885
30
1884 1885
article
1886 1887
views
1886 1887
market
1888 1889
date
1890 1933 1979 2656
immediate
1891 1892 2041
reformat
1893 2653 2656 2662
monthly
1894 1897
tournament
1895 1899 2523
winners
1895
percentage
1898 1951 2028 2682
football
1899
dates
1900 2514
post
1901 2014
page
1903 1984
recommendations
1903 1984 1986
manager
1904 1944 1994 2099 2101
examinations
1905
start
1906
weather
1907
type
1907 2006 2006 2184 2338 2417
country
1907 1950
genders
1909
growth
1910
ads
1911
rating
1914 2108
participants
1916
trusted
1917
contacts
1917
id
1919
identifier
1919
gain/loss
1921
but
1922 1945
travellers
1923
quiet
1924
exams
1924
npv
1925
session
1926
bar
1926
&
1928
week
1932 2508
sold
1933
friendly
1934
streamed
1934
month
1934 1943 2503
safely
1935
invest
1935
e-mails
1937
patients
1938
fix
1940 1956
name
1940 2038 2643
format
1940 1979
did
1945 1968 1999
frequently
1947
sellers
1948
ids
1949
contest
1951 2563
hopper
1952 1953 1954
product's
1957 1969
worth
1957
over
1957
invoices
1957
tweets
1958
leads
1959
partners
1959
persons
1960
visits
1961
followers
1963 1991
spent
1965 2542
leetflex
1966
banned
1966
recyclable
1967
low
1967
fat
1967
subtasks
1968
execute
1968
grand
1970
slam
1970
titles
1970
primary
1971
ad-free
1973
interview
1974
candidates
1974 2001
revenue
1975
this
1975
league
1977 2027
suspicious
1978
quantity
1980
above
1980
login
1983
2020
1983
categories
1985
leetcodify
1986 1987
confirmation
1988 1989
actively
1989
request
1989
messages
1989
strong
1990 2297 2684
friendship
1990
information
1992 2641
call
1993 2426
cutoff
1995
school
1995
experiments
1996
seniors
1997 1998
juniors
1997 1998
join
1997 1998
low-quality
2000
problems
2000
interviews
2001
category
2002
member
2002
university
2004
airport
2007
passengers
2009 2010
rankings
2013
topic
2014
eligible
2015 2017
purchases
2016 2035
seven
2016
driver
2018
was
2018
passenger
2018
dynamic
2019 2020
pivoting
2019
unpivoting
2020
years
2021
weekend
2022
gender
2023
recorded
2024
matches
2027 2523 2563
compute
2028
subjects
2029
taught
2029
teacher
2029
invoice
2030
influence
2031
salesperson
2031
olympic
2032
null
2033
deductions
2034
chemical
2036
bond
2036
hall
2037
concatenate
2038
profession
2038
artist
2040
spotify
2040
ranking
2040
itinerary
2047
mini
2049
parser
2049 2406 2562 2661
multilevel
2052
cracking
2055
throne
2061
inheritance
2061
invited
2065
edges
2068 2276 2278 2290
extract
2071
lru
2072
cache
2072 2080
implement
2074 2075 2076 2085 2100 2480
trie
2074 2100
(prefix
2074 2100
tree)
2074 2100
queues
2075
stacks
2076 2094
twitter
2077
logger
2078
limiter
2078
o`one
2079
lfu
2080
tinyurl
2081
in-memory
2082
excel
2083 2468 2469 2680
formula
2083
module
2088
suffix
2090 2320 2576
dinner
2094
plate
2094
skiplist
2095
leaderboard
2096
underground
2097
fancy
2098 2673
authentication
2099
reservation
2101
editor
2105
infinite
2106
calculator
2109 2307 2389 2471 2472 2492
pow
2113
logical
2115
grids
2115
represented
2115 2453
quad-trees
2115
regular
2117
wildcard
2119
edit
2121 2619
scramble
2122
interleaving
2124
fitting
2134
repetitions
2135
wraparound
2136
attendance
2140 2634
record
2140 2634
inverse
2144
derangement
2145
4
2149
parenthesis
2151
ascii
2153
tromino
2157
champagne
2158
tower
2158
soup
2159
servings
2159
21
2162
push
2163
dominoes
2163
monotone
2166 2302
dialer
2167
express
2169
supersequence
2172
n-th
2173
tribonacci
2173
chunked
2175
decomposition
2175
toss
2179
handshakes
2180
don't
2180
stay
2181
fingers
2184

2188
comparisons
2190
compression
2192 2627
differ
2196 2360
restricted
2202 2284
eggs
2203
compete
2206
feed
2213
hamsters
2213
long
2214 2643
corridor
2214
illegal
2215
goods
2215
carpets
2217
select
2218
appeal
2219
texts
2221
aware
2227
lcp
2238
additions
2239
rgb
2243
palindromes
2245
made
2249
k-mirror
2250
cooking
2251
pens
2253
pencils
2253
english
2255 2382 2475
upper
2255
clock
2258 2513
both
2261
convex
2263
mirror
2267
service
2269
centre
2269
celebrity
2271
subdivided
2272
connecting
2273
optimize
2275
village
2275
pseudo-critical
2276
spanning
2276
vertices
2277
fully
2278
traversable
2278
trio
2282
center
2283
discounts
2286
weighted
2287
subgraph
2287
degrees
2290
modify
2291
weights
2291
hops
2292
password
2297 2684
factorization
2298
dota2
2299
senate
2299
aaa
2306
bbb
2306
broken
2307
way
2308
blocks
2311 2584
69
2313
insertions
2321
transformable
2322
frequencies
2323
numeric
2324
deci-binary
2325
non-zero
2337
typewriter
2338
k-length
2340 2397
remapping
2351
echo
2358
hash
2363
roman
2365 2366
copy
2369
recurring
2374
decimal
2374
isomorphic
2376
atoms
2387
parse
2388
lisp
2388
basic
2389 2471 2472 2492
jewels
2390
custom
2391
buddy
2393
powerful
2395
alphabet
2398 2650
transforms
2399
single-row
2401
html
2406
entity
2406
close
2411
pangram
2414
length-3
2416
rings
2419
rods
2419
fascinating
2424
read
2425 2426
read4
2425 2426
k-group
2431
polynomials
2453
swapping
2455
already
2456
twin
2460
multiply
2465
pow(x,
2466
n)
2466
sheet
2468 2469 2680
title
2468 2679
rand10()
2480
rand7()
2480
7
2483
complex
2485
solve
2489
9
2490
dividing
2491
reaching
2493
orderly
2495
rational
2496
clumsy
2497
-2
2498
armstrong
2504
arrangements
2506
only
2507 2518 2642
hexspeak
2509
burgers
2510
waste
2510
ingredients
2510
subtract
2511
no-zero
2512
angle
2513
simplified
2516
fractions
2516
1s
2518
bottles
2519
leetcode
2524
homogenous
2525
played
2530
abbreviating
2533
reversal
2534
rearranged
2535
k-beauty
2541
categorize
2550
criteria
2550
collisions
2553 2603
monkeys
2553
pillow
2555
delayed
2556
arrival
2556
punishment
2557
penalty
2560
ternary
2562
output
2563
parsing
2565
tenth
2570
backspace
2572
incremental
2573
leak
2573
slanted
2575
ciphertext
2575
execution
2576
staying
2576
stars
2579
recolors
2584
semi-repetitive
2585
simplify
2590
validator
2591
decoded
2593
substitutions
2594
outermost
2595
road
2603
camelcase
2608
occurs
2609
conversion
2611
(atoi)
2612
say
2614
address
2628 2647
license
2630
formatting
2630
lr
2638
goat
2639
latin
2639
masking
2641
personal
2641
pressed
2643
representing
2644
bigram
2646
defanging
2647
mapping
2650
thousand
2657
separator
2657
?'s
2658
goal
2661
interpretation
2661
ends
2663
changes
2664
longer
2669
summation
2670
decomposable
2672
value-equal
2672
a's
2678
appears
2678
b's
2678
capitalize
2679
3-same-digit
2681
asterisks
2685
alphabetical
2688
